0 0.2859375 0.046875 0.00703125 0.02578125
0 0.29296875 0.05 0.0078125 0.01640625
0 0.29921875 0.0484375 0.00625 0.02109375
0 0.471875 0.04921875 0.00703125 0.021875
0 0.47890625 0.05234375 0.00625 0.01484375
0 0.4859375 0.04921875 0.0078125 0.021875
0 0.51796875 0.05390625 0.00703125 0.01328125
0 0.534375 0.0765625 0.0109375 0.01484375
0 0.5375 0.1359375 0.01640625 0.0125
0 0.53828125 0.16484375 0.0140625 0.0125
0 0.540625 0.18046875 0.0171875 0.0140625
0 0.3875 0.20703125 0.0140625 0.01484375
0 0.23671875 0.225 0.00859375 0.00859375
0 0.6296875 0.18359375 0.01015625 0.01484375
0 0.63046875 0.20078125 0.01328125 0.0140625
0 0.6078125 0.221875 0.00703125 0.01484375
0 0.57578125 0.22734375 0.00703125 0.01015625
0 0.565625 0.2640625 0.0078125 0.0203125
0 0.575 0.2890625 0.00703125 0.01328125
0 0.58046875 0.30625 0.00859375 0.01328125
0 0.58046875 0.3203125 0.00859375 0.0140625
0 0.534375 0.2375 0.009375 0.01015625
0 0.53515625 0.24609375 0.00703125 0.01015625
0 0.53515625 0.25546875 0.00703125 0.00859375
0 0.53671875 0.26484375 0.01015625 0.01015625
0 0.53671875 0.278125 0.01015625 0.01171875
0 0.53671875 0.28828125 0.01015625 0.01171875
0 0.53671875 0.3 0.01015625 0.0125
0 0.32578125 0.30078125 0.01015625 0.02109375
0 0.340625 0.29765625 0.01015625 0.02109375
0 0.4203125 0.3 0.01015625 0.02109375
0 0.434375 0.31640625 0.0109375 0.02109375
0 0.43984375 0.3359375 0.0109375 0.0203125
0 0.5078125 0.3421875 0.0109375 0.0234375
0 0.21171875 0.41484375 0.0078125 0.015625
0 0.5375 0.5125 0.0140625 0.0140625
0 0.53671875 0.5546875 0.01328125 0.0140625
0 0.3046875 0.6234375 0.00703125 0.0171875
0 0.31171875 0.62578125 0.0078125 0.02421875
0 0.4640625 0.62578125 0.0078125 0.0203125
0 0.471875 0.62265625 0.0078125 0.0171875
0 0.51796875 0.61953125 0.00859375 0.01484375
0 0.5875 0.63203125 0.00859375 0.01796875
0 0.5984375 0.63203125 0.00859375 0.02265625
0 0.6078125 0.63125 0.00859375 0.01953125
0 0.62421875 0.63203125 0.0078125 0.0140625
0 0.63046875 0.63203125 0.00703125 0.01484375
0 0.6359375 0.64375 0.0078125 0.03984375
0 0.6703125 0.6265625 0.00859375 0.01640625
0 0.575 0.54609375 0.00703125 0.0125
0 0.31328125 0.67734375 0.00859375 0.01875
0 0.46171875 0.6796875 0.0078125 0.01484375
0 0.28984375 0.68984375 0.01015625 0.021875
0 0.50078125 0.6984375 0.0109375 0.01953125
0 0.51875 0.6859375 0.0078125 0.0109375
0 0.5390625 0.7171875 0.01015625 0.01328125
0 0.53984375 0.7265625 0.01328125 0.0125
0 0.53984375 0.73671875 0.01328125 0.0140625
0 0.54140625 0.746875 0.0171875 0.01328125
0 0.403125 0.7421875 0.01328125 0.0125
0 0.2921875 0.77734375 0.01640625 0.0171875
0 0.27734375 0.79765625 0.01484375 0.01484375
0 0.27109375 0.86015625 0.00703125 0.02265625
0 0.278125 0.8578125 0.00625 0.02109375
0 0.28515625 0.8546875 0.00703125 0.0140625
0 0.29140625 0.86015625 0.00703125 0.025
0 0.2984375 0.8609375 0.00703125 0.02578125
0 0.30546875 0.8609375 0.00703125 0.02578125
0 0.32578125 0.8578125 0.0078125 0.021875
0 0.43671875 0.85703125 0.00703125 0.02109375
0 0.45078125 0.85859375 0.00703125 0.0203125
0 0.4578125 0.85859375 0.00703125 0.02109375
0 0.46484375 0.85859375 0.00703125 0.02109375
0 0.4765625 0.8546875 0.00703125 0.01328125
0 0.48359375 0.8578125 0.00703125 0.02109375
0 0.490625 0.8578125 0.00703125 0.02109375
0 0.51875 0.8484375 0.00859375 0.01328125
0 0.5375 0.82734375 0.0078125 0.0125
0 0.540625 0.7953125 0.009375 0.01328125
0 0.596875 0.78046875 0.01171875 0.01640625
0 0.6125 0.81328125 0.0140625 0.01875