0 0.06796875 0.4125 0.053125 0.209375
0 0.08984375 0.37265625 0.0421875 0.134375
0 0.1734375 0.5296875 0.0421875 0.0375
0 0.14453125 0.2390625 0.075 0.04375
0 0.16171875 0.2171875 0.1234375 0.075
0 0.2796875 0.20078125 0.0546875 0.0421875
0 0.2953125 0.2453125 0.0703125 0.0390625
0 0.25078125 0.28984375 0.0296875 0.0546875
0 0.2671875 0.39375 0.0484375 0.18125
0 0.35703125 0.32890625 0.040625 0.13125
0 0.35234375 0.41171875 0.0671875 0.0390625
0 0.3734375 0.1828125 0.0453125 0.0328125
0 0.4078125 0.146875 0.0625 0.0375
0 0.465625 0.22265625 0.0734375 0.0375
0 0.4875 0.3 0.040625 0.0484375
0 0.396875 0.3078125 0.0359375 0.0875
0 0.41484375 0.3984375 0.025 0.0484375
0 0.47265625 0.471875 0.0703125 0.040625
0 0.553125 0.175 0.05625 0.0390625
0 0.60625 0.453125 0.040625 0.034375
0 0.3296875 0.69609375 0.08125 0.040625