0 0.08515625 0.3203125 0.021875 0.01875
0 0.1296875 0.2984375 0.025 0.0203125
0 0.21328125 0.37578125 0.034375 0.0265625
0 0.1921875 0.28203125 0.0453125 0.0265625
0 0.184375 0.22109375 0.0421875 0.021875
0 0.18359375 0.18671875 0.034375 0.021875
0 0.271875 0.090625 0.0296875 0.034375
0 0.3140625 0.0859375 0.028125 0.0328125
0 0.3578125 0.07890625 0.0265625 0.0328125
0 0.39921875 0.075 0.025 0.0265625
0 0.46484375 0.18828125 0.025 0.015625
0 0.4078125 0.25234375 0.01875 0.01875
0 0.48046875 0.2234375 0.0296875 0.0203125
0 0.534375 0.29921875 0.028125 0.0203125
0 0.440625 0.36171875 0.0421875 0.025
0 0.34765625 0.4359375 0.0390625 0.0296875
0 0.51640625 0.3953125 0.0296875 0.0203125
0 0.4015625 0.47578125 0.0265625 0.0203125
0 0.696875 0.06015625 0.0328125 0.021875
0 0.58828125 0.15234375 0.0234375 0.028125
0 0.621875 0.259375 0.05625 0.0421875
0 0.734375 0.265625 0.0296875 0.0203125
0 0.7921875 0.23828125 0.028125 0.0375
0 0.8234375 0.18203125 0.03125 0.0390625