0 0.37421875 0.121875 0.0171875 0.0234375
0 0.2078125 0.184375 0.046875 0.0265625
0 0.50859375 0.20546875 0.046875 0.025
0 0.3375 0.2484375 0.0921875 0.0234375
0 0.5078125 0.359375 0.0171875 0.05625
0 0.1453125 0.340625 0.015625 0.0359375
0 0.171875 0.42421875 0.0171875 0.03125
0 0.1984375 0.425 0.0140625 0.0265625
0 0.28046875 0.4765625 0.03125 0.0421875
0 0.20078125 0.52734375 0.021875 0.0234375
0 0.33828125 0.571875 0.0171875 0.021875
0 0.66953125 0.14296875 0.05 0.028125
0 0.6421875 0.1890625 0.046875 0.028125
0 0.7671875 0.353125 0.0203125 0.0390625
0 0.79453125 0.3953125 0.021875 0.046875