0 0.10703125 0.37109375 0.028125 0.01640625
0 0.06328125 0.184375 0.0203125 0.0609375
0 0.28359375 0.184375 0.0234375 0.0171875
0 0.27578125 0.2078125 0.015625 0.01640625
0 0.3265625 0.31015625 0.03515625 0.01796875
0 0.20703125 0.3203125 0.0171875 0.07109375
0 0.32578125 0.34921875 0.01328125 0.01328125
0 0.47265625 0.30859375 0.0171875 0.0484375
0 0.53515625 0.18125 0.03046875 0.02265625
0 0.5375 0.38671875 0.021875 0.015625
0 0.79140625 0.1859375 0.0203125 0.0171875
0 0.75234375 0.30234375 0.01484375 0.0171875
0 0.75078125 0.34921875 0.01328125 0.015625
0 0.82265625 0.3140625 0.01796875 0.0609375
0 0.925 0.19453125 0.01171875 0.0390625
0 0.90625 0.31953125 0.01796875 0.01875
0 0.28046875 0.5921875 0.01875 0.0171875
0 0.32421875 0.55625 0.028125 0.02421875
0 0.225 0.54609375 0.0125 0.0421875
0 0.25234375 0.16328125 0.0109375 0.01796875
0 0.81484375 0.1671875 0.01171875 0.01640625