0 0.35390625 0.10078125 0.015625 0.0234375
0 0.18984375 0.17578125 0.046875 0.025
0 0.49609375 0.1765625 0.046875 0.025
0 0.325 0.23203125 0.0921875 0.0203125
0 0.50703125 0.33203125 0.015625 0.0578125
0 0.13671875 0.33828125 0.015625 0.0375
0 0.16953125 0.421875 0.015625 0.03125
0 0.19609375 0.4203125 0.0140625 0.0265625
0 0.284375 0.4671875 0.0296875 0.0421875
0 0.20625 0.52421875 0.0203125 0.0234375
0 0.34921875 0.56015625 0.0171875 0.021875
0 0.6546875 0.10078125 0.05 0.0265625
0 0.63046875 0.15 0.046875 0.0265625
0 0.76953125 0.30703125 0.01875 0.0390625
0 0.79921875 0.34765625 0.0203125 0.046875