0 0.35546875 0.128125 0.015625 0.021875
0 0.3828125 0.03984375 0.01875 0.0234375
0 0.47265625 0.1078125 0.04375 0.025
0 0.46015625 0.18125 0.0265625 0.0265625
0 0.5109375 0.18046875 0.0171875 0.0296875
0 0.5125 0.37421875 0.0171875 0.03125
0 0.47421875 0.62578125 0.025 0.0609375
0 0.39921875 0.59609375 0.0171875 0.021875
0 0.33125 0.71484375 0.0203125 0.021875
0 0.32265625 0.66484375 0.040625 0.0234375
0 0.28125 0.6609375 0.0125 0.0203125
0 0.240625 0.4890625 0.0171875 0.01875
0 0.22265625 0.3328125 0.0171875 0.0296875
0 0.25390625 0.1140625 0.0203125 0.0515625
0 0.271875 0.12734375 0.0171875 0.0328125
0 0.07734375 0.14453125 0.01875 0.0203125
0 0.0703125 0.253125 0.0171875 0.01875
0 0.2078125 0.26875 0.0234375 0.0203125
0 0.19921875 0.22265625 0.0171875 0.028125
0 0.03828125 0.34375 0.0140625 0.0265625
0 0.57265625 0.38984375 0.0171875 0.028125
0 0.5890625 0.41640625 0.01875 0.0203125
0 0.61953125 0.6328125 0.0171875 0.0203125
0 0.646875 0.6 0.009375 0.01875
0 0.70546875 0.54453125 0.0171875 0.0203125
0 0.715625 0.45625 0.0265625 0.04375
0 0.7578125 0.40859375 0.0265625 0.05