0 0.09921875 0.3609375 0.01953125 0.20234375
0 0.12578125 0.32578125 0.02109375 0.12890625
0 0.18203125 0.48828125 0.03671875 0.03046875
0 0.1984375 0.20546875 0.06875 0.03203125
0 0.21875 0.1875 0.11171875 0.05625
0 0.33359375 0.18984375 0.0484375 0.03359375
0 0.3421875 0.23515625 0.065625 0.02734375
0 0.2921875 0.2703125 0.0203125 0.05078125
0 0.2921875 0.37265625 0.01953125 0.175
0 0.38828125 0.32421875 0.01953125 0.125
0 0.37109375 0.403125 0.0609375 0.028125
0 0.42578125 0.18671875 0.03984375 0.02578125
0 0.46484375 0.15703125 0.05703125 0.028125
0 0.50859375 0.23828125 0.06875 0.0265625
0 0.5171875 0.3171875 0.03203125 0.04296875
0 0.4296875 0.309375 0.02265625 0.0828125
0 0.43359375 0.4 0.01875 0.04453125
0 0.47734375 0.47890625 0.0640625 0.03046875
0 0.59921875 0.20625 0.05078125 0.0296875
0 0.60859375 0.48125 0.03515625 0.02890625
0 0.30546875 0.671875 0.075 0.02734375