0 0.51484375 0.47421875 0.0484375 0.0203125
0 0.659375 0.2625 0.05078125 0.0375
0 0.5046875 0.21875 0.02421875 0.0171875
0 0.50234375 0.31328125 0.03046875 0.0171875
0 0.4984375 0.40390625 0.0171875 0.01640625
0 0.42890625 0.503125 0.02734375 0.01875
0 0.39609375 0.50859375 0.025 0.0296875
0 0.32421875 0.50078125 0.02734375 0.0171875
0 0.2875 0.5046875 0.0234375 0.0203125
0 0.15078125 0.42265625 0.01640625 0.0171875
0 0.146875 0.3734375 0.025 0.01640625
0 0.14765625 0.353125 0.0234375 0.01640625
0 0.29921875 0.35078125 0.02734375 0.0171875
0 0.14609375 0.29765625 0.02578125 0.01640625
0 0.21484375 0.31484375 0.0359375 0.01796875
0 0.14765625 0.25390625 0.025 0.01640625
0 0.14609375 0.18828125 0.02578125 0.01640625
0 0.2953125 0.13046875 0.02109375 0.0265625
0 0.321875 0.13984375 0.01875 0.00859375
0 0.3484375 0.13125 0.02265625 0.025
0 0.37578125 0.13046875 0.0234375 0.02734375