0 0.259375 0.00234375 0.025 0.0046875
0 0.3015625 0.003125 0.025 0.00625
0 0.33125 0.003125 0.025 0.00625
0 0.37578125 0.00390625 0.0265625 0.0078125
0 0.121875 0.053125 0.0140625 0.015625
0 0.10703125 0.071875 0.0328125 0.0171875
0 0.10078125 0.10546875 0.0421875 0.01875
0 0.1625 0.12109375 0.0265625 0.0140625
0 0.18203125 0.21328125 0.0171875 0.0171875
0 0.18984375 0.18203125 0.03125 0.0171875
0 0.09609375 0.17109375 0.046875 0.0171875
0 0.0953125 0.27265625 0.0421875 0.0171875
0 0.1046875 0.3046875 0.0265625 0.0171875
0 0.08828125 0.325 0.0390625 0.01875
0 0.178125 0.35390625 0.0375 0.0203125
0 0.30859375 0.3890625 0.028125 0.01875
0 0.5484375 0.221875 0.0234375 0.0203125
0 0.49609375 0.1921875 0.0234375 0.0203125
0 0.45390625 0.2578125 0.0453125 0.0234375
0 0.64296875 0.1203125 0.0234375 0.025
0 0.77109375 0.040625 0.028125 0.01875
0 0.8765625 0.19921875 0.0265625 0.0375
0 0.8328125 0.2515625 0.021875 0.034375
0 0.76875 0.26875 0.0265625 0.01875
0 0.6375 0.2390625 0.0265625 0.0375
0 0.6671875 0.234375 0.0265625 0.0296875