0 0.36796875 0.12578125 0.015625 0.021875
0 0.20859375 0.1953125 0.0453125 0.02265625
0 0.503125 0.20078125 0.0453125 0.021875
0 0.33828125 0.2515625 0.08828125 0.01796875
0 0.5109375 0.35078125 0.0140625 0.0546875
0 0.15625 0.35078125 0.0140625 0.03515625
0 0.1859375 0.43125 0.0140625 0.0296875
0 0.21171875 0.4296875 0.01328125 0.025
0 0.29453125 0.47578125 0.028125 0.03984375
0 0.21953125 0.5296875 0.01953125 0.021875
0 0.35546875 0.56640625 0.015625 0.0203125
0 0.65625 0.13203125 0.04765625 0.02421875
0 0.63203125 0.178125 0.0453125 0.025
0 0.7625 0.33125 0.01796875 0.03671875
0 0.78984375 0.3703125 0.01796875 0.04375