0 0.26171875 0.0625 0.02265625 0.00859375
0 0.28828125 0.06328125 0.02265625 0.0203125
0 0.328125 0.059375 0.0234375 0.02734375
0 0.35546875 0.0609375 0.0234375 0.025
0 0.39765625 0.05859375 0.0234375 0.0296875
0 0.1609375 0.1234375 0.01328125 0.01484375
0 0.14765625 0.14140625 0.03046875 0.01484375
0 0.14375 0.1734375 0.03828125 0.015625
0 0.2015625 0.1859375 0.025 0.01171875
0 0.22265625 0.27109375 0.015625 0.015625
0 0.22890625 0.24140625 0.028125 0.01484375
0 0.14140625 0.234375 0.04296875 0.01484375
0 0.14375 0.32890625 0.03828125 0.015625
0 0.15390625 0.359375 0.025 0.01484375
0 0.1390625 0.37890625 0.03671875 0.01640625
0 0.2234375 0.40234375 0.034375 0.01875
0 0.34609375 0.43125 0.02578125 0.0171875
0 0.56484375 0.2671875 0.021875 0.01796875
0 0.51484375 0.24140625 0.021875 0.0171875
0 0.47734375 0.30390625 0.0421875 0.0203125
0 0.64921875 0.16953125 0.0203125 0.0234375
0 0.765625 0.09140625 0.02578125 0.0171875
0 0.86875 0.23515625 0.02421875 0.03359375
0 0.83046875 0.2859375 0.01953125 0.03203125
0 0.77109375 0.303125 0.02421875 0.015625
0 0.64765625 0.28046875 0.02265625 0.03359375
0 0.67578125 0.27578125 0.02421875 0.0265625