0 0.22265625 0.20390625 0.0375 0.0265625
0 0.2078125 0.32421875 0.0328125 0.14375
0 0.4078125 0.134375 0.409375 0.075
0 0.25859375 0.35703125 0.040625 0.0421875
0 0.37734375 0.3359375 0.028125 0.021875
0 0.4109375 0.3515625 0.0203125 0.053125
0 0.38515625 0.3890625 0.034375 0.040625
0 0.50859375 0.43671875 0.2921875 0.059375
0 0.51640625 0.465625 0.240625 0.0578125
0 0.6453125 0.44609375 0.025 0.0203125
0 0.66875 0.47890625 0.01875 0.0375
0 0.6859375 0.4921875 0.0203125 0.0671875
0 0.703125 0.53671875 0.0375 0.159375
0 0.6078125 0.58046875 0.140625 0.0390625
0 0.48125 0.56953125 0.0234375 0.040625
0 0.5234375 0.54609375 0.0328125 0.05
0 0.40390625 0.64375 0.0171875 0.03125
0 0.36328125 0.496875 0.0203125 0.0234375
0 0.36328125 0.54296875 0.0375 0.034375
0 0.27734375 0.51953125 0.0421875 0.0234375
0 0.29375 0.55859375 0.0234375 0.03125
0 0.2578125 0.5828125 0.0234375 0.0421875
0 0.09453125 0.646875 0.0265625 0.1046875
0 0.14140625 0.70625 0.034375 0.0234375
0 0.13125 0.66171875 0.0296875 0.0265625
0 0.10546875 0.62890625 0.021875 0.01875
0 0.13359375 0.61171875 0.04375 0.0265625
0 0.1625 0.665625 0.0359375 0.04375
0 0.80625 0.640625 0.0453125 0.021875
0 0.7984375 0.54765625 0.0234375 0.0609375
0 0.85078125 0.5375 0.0265625 0.0515625
0 0.7703125 0.48359375 0.028125 0.0234375
0 0.79765625 0.484375 0.04375 0.0328125