0 0.26328125 0.0296875 0.025 0.009375
0 0.29140625 0.03046875 0.025 0.021875
0 0.3359375 0.02734375 0.025 0.0296875
0 0.36484375 0.0296875 0.025 0.0265625
0 0.4109375 0.02734375 0.0265625 0.0328125
0 0.15390625 0.09375 0.0140625 0.015625
0 0.1390625 0.11328125 0.0328125 0.0171875
0 0.13359375 0.14765625 0.0421875 0.0171875
0 0.1953125 0.16171875 0.028125 0.0140625
0 0.2171875 0.2546875 0.0171875 0.0171875
0 0.225 0.2234375 0.03125 0.0171875
0 0.1296875 0.2140625 0.046875 0.0171875
0 0.13046875 0.31640625 0.0421875 0.0171875
0 0.140625 0.34921875 0.028125 0.0171875
0 0.125 0.3703125 0.040625 0.01875
0 0.215625 0.396875 0.0375 0.0203125
0 0.3484375 0.43125 0.028125 0.01875
0 0.58828125 0.25703125 0.025 0.0203125
0 0.534375 0.228125 0.025 0.01875
0 0.49296875 0.2953125 0.046875 0.0234375
0 0.68203125 0.153125 0.0234375 0.025
0 0.809375 0.0703125 0.028125 0.01875
0 0.91875 0.228125 0.0265625 0.0375
0 0.8765625 0.28203125 0.021875 0.0359375
0 0.81171875 0.30078125 0.0265625 0.0171875
0 0.678125 0.27265625 0.025 0.0375
0 0.7078125 0.26875 0.0265625 0.0296875