0 0.2828125 0.18203125 0.03203125 0.0203125
0 0.2546875 0.290625 0.0125 0.13203125
0 0.46171875 0.14296875 0.378125 0.0171875
0 0.29609375 0.3265625 0.0328125 0.034375
0 0.4078125 0.321875 0.0234375 0.0171875
0 0.43671875 0.34140625 0.01171875 0.0484375
0 0.4078125 0.371875 0.02734375 0.03359375
0 0.51484375 0.43125 0.26953125 0.01796875
0 0.51796875 0.45859375 0.22109375 0.02265625
0 0.63828125 0.4578125 0.021875 0.015625
0 0.65625 0.490625 0.01328125 0.03203125
0 0.66953125 0.5046875 0.0109375 0.0609375
0 0.6796875 0.5484375 0.0140625 0.14609375
0 0.58671875 0.575 0.128125 0.01796875
0 0.47265625 0.54921875 0.0171875 0.0359375
0 0.5140625 0.5328125 0.02578125 0.0421875
0 0.39296875 0.60703125 0.0125 0.0265625
0 0.37421875 0.46796875 0.01640625 0.0203125
0 0.36796875 0.509375 0.03125 0.02734375
0 0.2921875 0.47734375 0.03671875 0.0171875
0 0.30234375 0.515625 0.01875 0.0265625
0 0.26640625 0.5328125 0.0171875 0.03671875
0 0.11015625 0.5703125 0.01171875 0.09609375
0 0.1453125 0.63125 0.02890625 0.01796875
0 0.1421875 0.58828125 0.025 0.02109375
0 0.121875 0.55546875 0.01875 0.01484375
0 0.15 0.54296875 0.03828125 0.01875
0 0.16953125 0.59609375 0.028125 0.0375
0 0.76015625 0.65625 0.03984375 0.01484375
0 0.76484375 0.5703125 0.01484375 0.0546875
0 0.8140625 0.5671875 0.01875 0.04453125
0 0.74765625 0.5078125 0.0234375 0.01875
0 0.77265625 0.51171875 0.03671875 0.02578125