0 0.33203125 0.05625 0.0390625 0.0234375
0 0.1078125 0.20234375 0.0296875 0.0296875
0 0.1828125 0.19296875 0.0328125 0.0484375
0 0.35625 0.23125 0.0609375 0.046875
0 0.31328125 0.39765625 0.0375 0.025
0 0.565625 0.04140625 0.0265625 0.0203125
0 0.3953125 0.17109375 0.04375 0.021875
0 0.41328125 0.29765625 0.034375 0.021875
0 0.7609375 0.1734375 0.046875 0.0234375
0 0.73515625 0.23203125 0.0203125 0.01875
0 0.8453125 0.21953125 0.0359375 0.021875
0 0.84765625 0.2453125 0.0390625 0.0203125
0 0.828125 0.065625 0.034375 0.0234375
0 0.59609375 0.38984375 0.0265625 0.0265625
0 0.721875 0.37890625 0.03125 0.03125
0 0.76328125 0.37734375 0.025 0.021875
0 0.5 0.3984375 0.025 0.0140625
0 0.41875 0.34765625 0.01875 0.0203125