0 0.51015625 0.47109375 0.053125 0.0265625
0 0.68671875 0.2609375 0.0578125 0.0453125
0 0.528125 0.19765625 0.028125 0.021875
0 0.5140625 0.29765625 0.034375 0.021875
0 0.50078125 0.39453125 0.0203125 0.01875
0 0.4140625 0.49140625 0.03125 0.021875
0 0.37890625 0.49453125 0.0296875 0.034375
0 0.30390625 0.478125 0.03125 0.021875
0 0.26328125 0.478125 0.0265625 0.025
0 0.12734375 0.375 0.01875 0.0203125
0 0.128125 0.321875 0.028125 0.0203125
0 0.13125 0.3 0.0265625 0.0203125
0 0.29375 0.315625 0.03125 0.021875
0 0.1359375 0.24140625 0.0296875 0.0203125
0 0.2078125 0.2671875 0.040625 0.0234375
0 0.1421875 0.1953125 0.028125 0.0203125
0 0.1484375 0.125 0.0296875 0.0203125
0 0.3140625 0.0796875 0.025 0.03125
0 0.34140625 0.09296875 0.0203125 0.0109375
0 0.3703125 0.08671875 0.0265625 0.0296875
0 0.4 0.0890625 0.028125 0.03125