0 0.38125 0.640625 0.2484375 0.0515625
0 0.315625 0.4796875 0.0296875 0.1171875
0 0.5484375 0.4671875 0.0265625 0.0703125
0 0.47421875 0.36328125 0.103125 0.0453125
0 0.33984375 0.3265625 0.121875 0.0375
0 0.29921875 0.3875 0.0546875 0.0578125
0 0.3984375 0.396875 0.05 0.0609375
0 0.43984375 0.4171875 0.0296875 0.05625
0 0.48671875 0.29453125 0.0859375 0.034375
0 0.54609375 0.25234375 0.0421875 0.0578125
0 0.1921875 0.15703125 0.0390625 0.034375
0 0.1953125 0.19609375 0.0515625 0.046875
0 0.23828125 0.22421875 0.065625 0.090625
0 0.13359375 0.4546875 0.0296875 0.0828125
0 0.11171875 0.37109375 0.05625 0.096875
0 0.09453125 0.38359375 0.0484375 0.0640625
0 0.2078125 0.4421875 0.0296875 0.0734375
0 0.23125 0.44296875 0.0234375 0.053125
0 0.09375 0.52421875 0.04375 0.0328125