0 0.384375 0.05234375 0.0359375 0.0203125
0 0.15 0.17265625 0.0265625 0.0265625
0 0.2234375 0.17109375 0.02890625 0.04453125
0 0.38984375 0.2265625 0.05546875 0.03984375
0 0.33046875 0.384375 0.0359375 0.021875
0 0.61484375 0.06171875 0.02421875 0.0171875
0 0.434375 0.17109375 0.040625 0.01640625
0 0.4390625 0.296875 0.03125 0.01796875
0 0.7921875 0.21171875 0.04375 0.01875
0 0.7609375 0.265625 0.01796875 0.0171875
0 0.8703125 0.26484375 0.0328125 0.01875
0 0.86953125 0.290625 0.0359375 0.01640625
0 0.86875 0.1125 0.03203125 0.01875
0 0.6078125 0.40625 0.025 0.0234375
0 0.7328125 0.409375 0.028125 0.028125
0 0.7734375 0.4109375 0.0234375 0.0203125
0 0.5140625 0.40546875 0.0234375 0.0109375
0 0.4390625 0.34609375 0.01640625 0.01796875