0 0.34609375 0.24140625 0.07890625 0.0421875
0 0.34609375 0.25546875 0.3375 0.1109375
0 0.03984375 0.51640625 0.02265625 0.52578125
0 0.090625 0.63828125 0.0359375 0.02734375
0 0.15625 0.87421875 0.16640625 0.06796875
0 0.4453125 0.49375 0.03203125 0.025
0 0.5515625 0.53125 0.0203125 0.13984375
0 0.6984375 0.490625 0.03046875 0.015625
0 0.653125 0.31171875 0.02890625 0.01953125
0 0.67265625 0.328125 0.0125 0.01640625
0 0.68359375 0.31875 0.01484375 0.01328125
0 0.79296875 0.33046875 0.2375 0.015625
0 0.78671875 0.34453125 0.25859375 0.01484375
0 0.79609375 0.36328125 0.2453125 0.015625
0 0.78828125 0.38359375 0.2765625 0.015625
0 0.56015625 0.2953125 0.028125 0.040625
0 0.75625 0.6484375 0.02890625 0.02265625
0 0.7515625 0.68359375 0.01953125 0.01875
0 0.75703125 0.71875 0.02734375 0.03125
0 0.753125 0.81484375 0.021875 0.0234375
0 0.753125 0.8546875 0.021875 0.02109375
0 0.75546875 0.88828125 0.01953125 0.0234375
0 0.78359375 0.45390625 0.0234375 0.02421875
0 0.63671875 0.4859375 0.028125 0.03828125
0 0.64296875 0.61796875 0.03125 0.04453125
0 0.63671875 0.5828125 0.021875 0.0171875
0 0.6328125 0.55078125 0.025 0.0328125