0 0.30078125 0.16328125 0.034375 0.021875
0 0.26484375 0.27109375 0.021875 0.134375
0 0.484375 0.13671875 0.384375 0.04375
0 0.30390625 0.3109375 0.0359375 0.0375
0 0.4171875 0.31484375 0.025 0.01875
0 0.44609375 0.3359375 0.015625 0.05
0 0.41484375 0.36484375 0.0296875 0.0359375
0 0.51796875 0.43203125 0.2734375 0.0375
0 0.5203125 0.46015625 0.225 0.0390625
0 0.64140625 0.46796875 0.0234375 0.0171875
0 0.65703125 0.50234375 0.015625 0.034375
0 0.66953125 0.5171875 0.015625 0.0625
0 0.6765625 0.5625 0.025 0.1484375
0 0.58125 0.58359375 0.13125 0.0265625
0 0.4671875 0.54921875 0.0203125 0.0375
0 0.5109375 0.5359375 0.028125 0.0453125
0 0.3828125 0.60234375 0.0140625 0.028125
0 0.3734375 0.46015625 0.01875 0.021875
0 0.3640625 0.5015625 0.034375 0.0296875
0 0.28984375 0.46328125 0.0390625 0.0203125
0 0.29765625 0.503125 0.0203125 0.028125
0 0.26015625 0.51796875 0.0203125 0.0375
0 0.0984375 0.54453125 0.01875 0.0984375
0 0.1296875 0.60859375 0.0296875 0.0203125
0 0.1296875 0.565625 0.0265625 0.0234375
0 0.11171875 0.53046875 0.0203125 0.015625
0 0.14140625 0.51953125 0.0390625 0.021875
0 0.15703125 0.57578125 0.03125 0.040625
0 0.75078125 0.678125 0.0421875 0.0171875
0 0.7625 0.59140625 0.01875 0.05625
0 0.8125 0.59140625 0.021875 0.046875
0 0.7484375 0.52578125 0.025 0.021875
0 0.77421875 0.5328125 0.0390625 0.0296875