0 0.128125 0.2953125 0.0203125 0.059375
0 0.3703125 0.265625 0.0296875 0.0984375
0 0.40078125 0.2609375 0.03125 0.1046875
0 0.2703125 0.43671875 0.0359375 0.0265625
0 0.2 0.409375 0.0109375 0.0171875
0 0.12578125 0.671875 0.0296875 0.103125
0 0.19140625 0.63515625 0.021875 0.028125
0 0.3625 0.5265625 0.009375 0.0171875
0 0.40859375 0.565625 0.015625 0.0265625
0 0.41015625 0.72578125 0.0265625 0.0234375
0 0.4328125 0.75859375 0.0703125 0.0359375
0 0.321875 0.79140625 0.046875 0.0265625
0 0.33359375 0.8328125 0.0171875 0.0203125