0 0.33125 0.0203125 0.021875 0.015625
0 0.10234375 0.07734375 0.04375 0.034375
0 0.12109375 0.12109375 0.0578125 0.05
0 0.415625 0.08046875 0.015625 0.0234375
0 0.465625 0.1125 0.0171875 0.0421875
0 0.35703125 0.246875 0.040625 0.025
0 0.2890625 0.2828125 0.03125 0.025
0 0.14453125 0.2796875 0.0765625 0.103125
0 0.153125 0.36796875 0.015625 0.015625
0 0.32109375 0.4640625 0.0375 0.03125
0 0.45078125 0.4359375 0.05625 0.028125
0 0.5 0.46484375 0.021875 0.028125
0 0.184375 0.5359375 0.0234375 0.028125
0 0.23984375 0.66171875 0.0265625 0.034375
0 0.41484375 0.6421875 0.03125 0.0328125
0 0.48046875 0.6171875 0.0203125 0.0703125
0 0.5140625 0.6046875 0.015625 0.025
0 0.54375 0.575 0.015625 0.0234375
0 0.37734375 0.69921875 0.021875 0.025
0 0.32265625 0.740625 0.053125 0.0265625
0 0.14453125 0.85 0.0234375 0.06875
0 0.20625 0.8484375 0.015625 0.01875
0 0.2140625 0.9296875 0.015625 0.0171875
0 0.21875 0.97109375 0.0515625 0.0265625
0 0.353125 0.9515625 0.0828125 0.04375
0 0.43125 0.9046875 0.0296875 0.0265625
0 0.49375 0.90390625 0.0171875 0.0296875
0 0.496875 0.78359375 0.015625 0.0171875