0 0.3921875 0.65703125 0.2609375 0.0765625
0 0.28671875 0.509375 0.040625 0.1234375
0 0.521875 0.440625 0.034375 0.075
0 0.42109375 0.3515625 0.109375 0.05625
0 0.27578125 0.34609375 0.128125 0.05
0 0.24765625 0.4171875 0.0609375 0.0640625
0 0.3515625 0.403125 0.0578125 0.0671875
0 0.39921875 0.41484375 0.0359375 0.0609375
0 0.4171875 0.27890625 0.090625 0.0421875
0 0.46875 0.221875 0.0484375 0.0640625
0 0.084375 0.20859375 0.04375 0.0390625
0 0.096875 0.246875 0.0578125 0.053125
0 0.14765625 0.265625 0.0765625 0.1
0 0.09453125 0.5265625 0.0375 0.0890625
0 0.05234375 0.4453125 0.065625 0.1046875
0 0.0375 0.4625 0.05625 0.071875
0 0.16796875 0.4953125 0.0375 0.078125
0 0.19140625 0.49140625 0.028125 0.05625
0 0.06953125 0.60625 0.0484375 0.0375