0 0.51953125 0.490625 0.053125 0.028125
0 0.63828125 0.24765625 0.0578125 0.0453125
0 0.4703125 0.22578125 0.028125 0.021875
0 0.48203125 0.325 0.034375 0.0234375
0 0.4921875 0.41953125 0.0203125 0.01875
0 0.4328125 0.5328125 0.03125 0.0234375
0 0.4 0.54375 0.0296875 0.034375
0 0.3234375 0.546875 0.03125 0.021875
0 0.28515625 0.55625 0.0265625 0.025
0 0.13125 0.490625 0.01875 0.0203125
0 0.11875 0.4390625 0.028125 0.0203125
0 0.1171875 0.41796875 0.0265625 0.0203125
0 0.275 0.39375 0.03125 0.021875
0 0.10703125 0.3609375 0.0296875 0.021875
0 0.18203125 0.36796875 0.040625 0.0234375
0 0.10234375 0.31484375 0.028125 0.021875
0 0.09140625 0.246875 0.0296875 0.021875
0 0.2390625 0.16328125 0.0265625 0.03125
0 0.26796875 0.1703125 0.0203125 0.0125
0 0.29375 0.15703125 0.028125 0.0296875
0 0.3234375 0.1515625 0.028125 0.0328125