0 0.540625 0.01015625 0.0078125 0.0171875
0 0.5484375 0.01171875 0.0078125 0.015625
0 0.55625 0.01171875 0.009375 0.0171875
0 0.58984375 0.0171875 0.009375 0.0140625
0 0.60546875 0.0421875 0.0140625 0.0171875
0 0.603125 0.10703125 0.01875 0.0140625
0 0.6015625 0.13828125 0.0171875 0.0140625
0 0.603125 0.1546875 0.0203125 0.0171875
0 0.43515625 0.16796875 0.015625 0.0171875
0 0.271875 0.1734375 0.0109375 0.0109375
0 0.69765625 0.165625 0.0125 0.0171875
0 0.69765625 0.18515625 0.015625 0.015625
0 0.67109375 0.20546875 0.009375 0.0171875
0 0.6359375 0.20859375 0.0078125 0.0109375
0 0.62109375 0.24609375 0.0109375 0.021875
0 0.6296875 0.27421875 0.009375 0.0140625
0 0.634375 0.29375 0.009375 0.0140625
0 0.6328125 0.30859375 0.009375 0.015625
0 0.58984375 0.21484375 0.0109375 0.0125
0 0.590625 0.225 0.009375 0.0109375
0 0.58984375 0.234375 0.009375 0.009375
0 0.590625 0.24453125 0.0125 0.0125
0 0.58828125 0.259375 0.0125 0.0140625
0 0.58828125 0.2703125 0.0125 0.0140625
0 0.58671875 0.2828125 0.0125 0.0140625
0 0.36015625 0.26328125 0.0125 0.0234375
0 0.37734375 0.26171875 0.0125 0.0234375
0 0.46171875 0.271875 0.0125 0.0234375
0 0.475 0.290625 0.0140625 0.025
0 0.4796875 0.3125 0.0140625 0.0234375
0 0.55234375 0.325 0.0140625 0.0265625
0 0.22734375 0.375 0.009375 0.0171875
0 0.56796875 0.51171875 0.0171875 0.015625
0 0.56328125 0.55625 0.015625 0.015625
0 0.3078125 0.60859375 0.009375 0.01875
0 0.31484375 0.61171875 0.0109375 0.0265625
0 0.478125 0.625 0.0109375 0.021875
0 0.48671875 0.6234375 0.0109375 0.01875
0 0.53671875 0.62421875 0.009375 0.015625
0 0.61015625 0.64453125 0.0109375 0.0203125
0 0.621875 0.64453125 0.0109375 0.025
0 0.63203125 0.64453125 0.0109375 0.021875
0 0.64921875 0.646875 0.009375 0.015625
0 0.65625 0.64765625 0.009375 0.0171875
0 0.6609375 0.6609375 0.0125 0.04375
0 0.70078125 0.64609375 0.0109375 0.01875
0 0.6046875 0.55 0.009375 0.0140625
0 0.31171875 0.6671875 0.0109375 0.0203125
0 0.4703125 0.68359375 0.009375 0.0171875
0 0.28515625 0.678125 0.0125 0.025
0 0.5109375 0.70703125 0.0140625 0.021875
0 0.53125 0.6953125 0.009375 0.0125
0 0.55078125 0.73046875 0.0125 0.015625
0 0.55 0.740625 0.015625 0.0140625
0 0.55 0.75234375 0.015625 0.015625
0 0.55 0.7625 0.0203125 0.015625
0 0.4015625 0.74453125 0.015625 0.0140625
0 0.28046875 0.771875 0.0203125 0.0203125
0 0.26171875 0.79296875 0.0171875 0.0171875
0 0.24921875 0.859375 0.009375 0.025
0 0.25703125 0.8578125 0.009375 0.0234375
0 0.2640625 0.8546875 0.009375 0.015625
0 0.27109375 0.8609375 0.009375 0.0265625
0 0.278125 0.8625 0.009375 0.028125
0 0.2859375 0.86328125 0.009375 0.028125
0 0.3078125 0.86171875 0.0109375 0.025
0 0.42734375 0.871875 0.009375 0.0234375
0 0.4421875 0.87421875 0.009375 0.021875
0 0.44921875 0.875 0.009375 0.0234375
0 0.45703125 0.87578125 0.009375 0.0234375
0 0.46953125 0.87265625 0.009375 0.0140625
0 0.47734375 0.8765625 0.009375 0.0234375
0 0.4859375 0.87734375 0.009375 0.0234375
0 0.51640625 0.87109375 0.0109375 0.0140625
0 0.53828125 0.84921875 0.009375 0.0140625
0 0.5453125 0.815625 0.0109375 0.015625
0 0.60703125 0.80390625 0.0140625 0.01875
0 0.6203125 0.840625 0.0171875 0.021875