0 0.103125 0.378125 0.0296875 0.0171875
0 0.06171875 0.1828125 0.021875 0.0640625
0 0.290625 0.1859375 0.025 0.01875
0 0.28203125 0.2109375 0.0171875 0.0171875
0 0.33359375 0.31796875 0.0375 0.01875
0 0.20859375 0.32578125 0.01875 0.075
0 0.33125 0.35859375 0.0140625 0.0140625
0 0.4859375 0.31953125 0.01875 0.0515625
0 0.553125 0.1875 0.03125 0.025
0 0.5515625 0.40234375 0.0234375 0.0171875
0 0.8203125 0.196875 0.021875 0.01875
0 0.77734375 0.31796875 0.015625 0.01875
0 0.775 0.3671875 0.0140625 0.0171875
0 0.85 0.33125 0.0203125 0.0640625
0 0.959375 0.20859375 0.0125 0.040625
0 0.9375 0.33828125 0.01875 0.0203125
0 0.2796875 0.6109375 0.0203125 0.01875
0 0.3265625 0.57421875 0.0296875 0.0265625
0 0.2234375 0.5625 0.0140625 0.04375
0 0.25859375 0.1640625 0.0125 0.01875
0 0.84453125 0.17890625 0.0125 0.0171875