0 0.27578125 0.2046875 0.028125 0.0234375
0 0.31484375 0.22421875 0.0171875 0.015625
0 0.3921875 0.19296875 0.0203125 0.021875
0 0.46796875 0.18671875 0.03125 0.0484375
0 0.5078125 0.1828125 0.025 0.071875
0 0.54921875 0.2640625 0.021875 0.059375
0 0.46484375 0.3765625 0.0421875 0.0453125
0 0.3703125 0.365625 0.0359375 0.0625
0 0.240625 0.38359375 0.0328125 0.046875
0 0.31484375 0.43984375 0.0234375 0.0234375
0 0.2453125 0.48046875 0.0203125 0.0234375
0 0.15234375 0.5171875 0.040625 0.0421875
0 0.11875 0.54140625 0.0234375 0.0546875
0 0.26484375 0.5203125 0.021875 0.0265625
0 0.484375 0.48828125 0.025 0.05
0 0.55 0.55 0.015625 0.01875
0 0.49453125 0.61015625 0.0203125 0.0203125
0 0.21640625 0.65546875 0.0125 0.0203125
0 0.15625 0.653125 0.0171875 0.025
0 0.27578125 0.66953125 0.046875 0.03125
0 0.3421875 0.7078125 0.0375 0.03125