0 0.18125 0.23125 0.028125 0.1203125
0 0.35078125 0.28984375 0.01875 0.05625
0 0.471875 0.18671875 0.028125 0.125
0 0.484375 0.18984375 0.028125 0.11875
0 0.4953125 0.2703125 0.01875 0.0515625
0 0.51640625 0.2578125 0.01875 0.065625
0 0.5359375 0.14765625 0.0203125 0.0453125
0 0.5296875 0.1046875 0.0203125 0.04375
0 0.540625 0.0546875 0.0203125 0.01875
0 0.6015625 0.13515625 0.01875 0.046875
0 0.6609375 0.33046875 0.1046875 0.03125
0 0.6875 0.1375 0.0390625 0.046875
0 0.65234375 0.653125 0.021875 0.01875
0 0.6703125 0.65078125 0.0296875 0.0203125
0 0.63046875 0.690625 0.0375 0.028125
0 0.6171875 0.7359375 0.05 0.0421875
0 0.640625 0.7734375 0.04375 0.0421875
0 0.68515625 0.7578125 0.0203125 0.04375
0 0.69609375 0.7421875 0.021875 0.021875
0 0.6828125 0.7203125 0.0140625 0.0171875
0 0.70234375 0.7125 0.0140625 0.0234375
0 0.71328125 0.7234375 0.01875 0.0515625
0 0.8203125 0.640625 0.05625 0.034375
0 0.82734375 0.5875 0.053125 0.021875
0 0.82265625 0.60625 0.0671875 0.03125
0 0.86640625 0.61328125 0.021875 0.071875
0 0.87421875 0.60078125 0.025 0.0984375
0 0.86171875 0.63125 0.0265625 0.01875
0 0.83515625 0.68671875 0.0703125 0.040625
0 0.83359375 0.7140625 0.1140625 0.0359375
0 0.8828125 0.709375 0.0671875 0.0546875
0 0.88203125 0.67421875 0.0390625 0.04375