0 0.32109375 0.203125 0.02578125 0.0203125
0 0.35703125 0.22578125 0.015625 0.0140625
0 0.434375 0.20390625 0.01796875 0.01953125
0 0.50859375 0.20546875 0.0265625 0.04375
0 0.546875 0.20546875 0.01640625 0.06796875
0 0.57890625 0.28828125 0.015625 0.05625
0 0.48671875 0.38828125 0.03671875 0.03984375
0 0.396875 0.36796875 0.0296875 0.05703125
0 0.26953125 0.37265625 0.028125 0.0421875
0 0.33515625 0.434375 0.02109375 0.0203125
0 0.2640625 0.46640625 0.01796875 0.0203125
0 0.1703125 0.4921875 0.0359375 0.0375
0 0.1359375 0.5125 0.01640625 0.05234375
0 0.2796875 0.50625 0.01796875 0.02421875
0 0.49375 0.49765625 0.01953125 0.04765625
0 0.5515625 0.5640625 0.0125 0.01640625
0 0.49140625 0.615625 0.01796875 0.0171875
0 0.21796875 0.63203125 0.009375 0.01875
0 0.16015625 0.62421875 0.01328125 0.0234375
0 0.27421875 0.6515625 0.04296875 0.02578125
0 0.334375 0.6953125 0.03359375 0.0265625