0 0.24765625 0.0734375 0.02578125 0.01796875
0 0.31328125 0.0734375 0.02421875 0.01796875
0 0.23359375 0.18671875 0.01328125 0.0359375
0 0.20078125 0.24765625 0.02265625 0.0453125
0 0.15078125 0.3703125 0.021875 0.04453125
0 0.19140625 0.35546875 0.01484375 0.0140625
0 0.259375 0.2625 0.01875 0.04765625
0 0.32265625 0.20234375 0.02265625 0.03828125
0 0.3484375 0.19765625 0.02578125 0.034375
0 0.37265625 0.2046875 0.02578125 0.0359375
0 0.39765625 0.22421875 0.015625 0.03046875
0 0.2921875 0.29921875 0.01171875 0.06171875
0 0.30625 0.3859375 0.01953125 0.0203125
0 0.27109375 0.403125 0.0203125 0.01953125
0 0.228125 0.41171875 0.02109375 0.0203125
0 0.321875 0.4171875 0.01875 0.02109375
0 0.34453125 0.43203125 0.01953125 0.01953125
0 0.3109375 0.46171875 0.0296875 0.0203125
0 0.25078125 0.4828125 0.01875 0.0375
0 0.28203125 0.475 0.01328125 0.03125
0 0.35859375 0.5359375 0.01875 0.021875
0 0.4171875 0.51953125 0.01640625 0.01953125
0 0.41796875 0.48671875 0.0140625 0.0296875
0 0.565625 0.4046875 0.02265625 0.01875
0 0.52109375 0.39140625 0.00625 0.01171875
0 0.17890625 0.659375 0.01640625 0.01640625
0 0.30703125 0.6265625 0.01640625 0.028125
0 0.259375 0.72265625 0.01484375 0.04921875
0 0.284375 0.715625 0.01328125 0.040625
0 0.36171875 0.7 0.01015625 0.01796875