0 0.509375 0.0046875 0.009375 0.009375
0 0.5171875 0.0046875 0.009375 0.009375
0 0.559375 0.06484375 0.028125 0.015625
0 0.546875 0.1296875 0.0109375 0.0140625
0 0.54140625 0.16171875 0.0125 0.0140625
0 0.384375 0.16328125 0.0296875 0.0140625
0 0.175 0.13671875 0.0234375 0.015625
0 0.06953125 0.15546875 0.0125 0.0125
0 0.08828125 0.165625 0.009375 0.015625
0 0.16484375 0.1734375 0.0078125 0.015625
0 0.19921875 0.2453125 0.0125 0.0234375
0 0.215625 0.24453125 0.015625 0.028125
0 0.2265625 0.29453125 0.0078125 0.0125
0 0.21875 0.3109375 0.01875 0.0140625
0 0.215625 0.3359375 0.03125 0.0234375
0 0.23828125 0.37890625 0.009375 0.0125
0 0.2328125 0.396875 0.0109375 0.0125
0 0.2078125 0.4453125 0.015625 0.0171875
0 0.04453125 0.409375 0.0140625 0.0140625
0 0.07890625 0.4265625 0.009375 0.0125
0 0.03984375 0.46484375 0.0140625 0.0140625
0 0.03671875 0.47578125 0.01875 0.0140625
0 0.0578125 0.4984375 0.0171875 0.0265625
0 0.03515625 0.515625 0.0140625 0.0140625
0 0.11015625 0.53515625 0.01875 0.0375
0 0.17890625 0.5 0.009375 0.0171875
0 0.1734375 0.55390625 0.0109375 0.015625
0 0.15234375 0.55625 0.0109375 0.0125
0 0.16015625 0.59375 0.009375 0.015625
0 0.1203125 0.5921875 0.009375 0.015625
0 0.0984375 0.590625 0.009375 0.015625
0 0.0875 0.5890625 0.009375 0.015625
0 0.0796875 0.5890625 0.009375 0.015625
0 0.209375 0.58515625 0.009375 0.0140625
0 0.2203125 0.58671875 0.0078125 0.0125
0 0.2265625 0.58828125 0.009375 0.0140625
0 0.34609375 0.5984375 0.0109375 0.0171875
0 0.47109375 0.61171875 0.009375 0.0171875
0 0.47890625 0.6125 0.009375 0.0171875
0 0.5265625 0.36328125 0.009375 0.015625
0 0.5140625 0.51328125 0.009375 0.0140625
0 0.58515625 0.2109375 0.009375 0.015625
0 0.59765625 0.2078125 0.009375 0.0109375
0 0.6375 0.18203125 0.0125 0.0140625
0 0.63515625 0.19375 0.01875 0.0140625
0 0.725 0.21328125 0.0109375 0.0125
0 0.71953125 0.29140625 0.0109375 0.0140625
0 0.70546875 0.4671875 0.0125 0.0140625
0 0.696875 0.53125 0.0109375 0.0125
0 0.5765625 0.59140625 0.009375 0.015625
0 0.61640625 0.596875 0.009375 0.0171875
0 0.63671875 0.59921875 0.0109375 0.0171875
0 0.64921875 0.6 0.009375 0.0171875
0 0.6578125 0.60078125 0.0109375 0.0171875
0 0.5640625 0.6046875 0.0109375 0.0125
0 0.56015625 0.62265625 0.0109375 0.0140625
0 0.5515625 0.6390625 0.0078125 0.0125
0 0.5296875 0.65234375 0.01875 0.0140625
0 0.53125 0.68046875 0.015625 0.0234375
0 0.5203125 0.70234375 0.0125 0.021875
0 0.5484375 0.77109375 0.0109375 0.01875
0 0.546875 0.809375 0.01875 0.0140625
0 0.5703125 0.84375 0.009375 0.0140625
0 0.6765625 0.83984375 0.0125 0.0140625
0 0.7796875 0.86640625 0.0109375 0.0125
0 0.80546875 0.85234375 0.0125 0.0140625
0 0.81015625 0.834375 0.01875 0.0140625
0 0.825 0.76640625 0.0140625 0.03125
0 0.83671875 0.79296875 0.0125 0.021875
0 0.45390625 0.63125 0.0109375 0.021875
0 0.23359375 0.615625 0.0109375 0.0203125
0 0.22734375 0.63203125 0.0109375 0.0125
0 0.2703125 0.64921875 0.0140625 0.0234375
0 0.253125 0.6796875 0.0109375 0.0171875
0 0.2984375 0.7125 0.0140625 0.021875
0 0.20390625 0.6203125 0.0125 0.015625
0 0.18828125 0.64140625 0.0109375 0.0140625
0 0.1859375 0.65625 0.009375 0.0125
0 0.17734375 0.7046875 0.01875 0.015625
0 0.17890625 0.715625 0.0109375 0.0125
0 0.175 0.7265625 0.0171875 0.0140625
0 0.17421875 0.73671875 0.015625 0.0140625
0 0.17578125 0.7546875 0.0109375 0.0140625
0 0.2578125 0.7171875 0.0203125 0.015625
0 0.19140625 0.78828125 0.0125 0.0171875
0 0.20078125 0.79453125 0.009375 0.015625
0 0.2296875 0.8 0.0109375 0.0203125
0 0.2359375 0.8015625 0.0109375 0.01875
0 0.425 0.81875 0.0109375 0.021875
0 0.4328125 0.8203125 0.0109375 0.021875
0 0.45546875 0.82109375 0.0109375 0.0265625