0 0.08828125 0.3828125 0.0296875 0.20625
0 0.11484375 0.346875 0.028125 0.1328125
0 0.18046875 0.5078125 0.0390625 0.0328125
0 0.18203125 0.22109375 0.071875 0.0359375
0 0.20078125 0.20078125 0.115625 0.0625
0 0.3171875 0.19765625 0.0515625 0.0375
0 0.32890625 0.24296875 0.0671875 0.03125
0 0.28046875 0.28046875 0.0234375 0.053125
0 0.2859375 0.38515625 0.0296875 0.1796875
0 0.38046875 0.33125 0.0265625 0.128125
0 0.3671875 0.41171875 0.0625 0.03125
0 0.41171875 0.18984375 0.0421875 0.028125
0 0.44921875 0.1578125 0.059375 0.03125
0 0.496875 0.2375 0.0703125 0.0296875
0 0.5109375 0.31640625 0.034375 0.0453125
0 0.421875 0.3140625 0.028125 0.0859375
0 0.43046875 0.40546875 0.021875 0.046875
0 0.47890625 0.4828125 0.065625 0.034375
0 0.58828125 0.20078125 0.053125 0.0328125
0 0.6125 0.478125 0.0375 0.03125
0 0.31484375 0.6875 0.0765625 0.0328125