0 0.30859375 0.04921875 0.0140625 0.0203125
0 0.3953125 0.06640625 0.01875 0.0203125
0 0.18046875 0.1046875 0.03828125 0.028125
0 0.19453125 0.146875 0.04921875 0.04296875
0 0.46796875 0.13359375 0.0125 0.0203125
0 0.5109375 0.16640625 0.01328125 0.03828125
0 0.40078125 0.28046875 0.0359375 0.01953125
0 0.33515625 0.30859375 0.0265625 0.0203125
0 0.20234375 0.29375 0.0625 0.08984375
0 0.20390625 0.37578125 0.0125 0.0140625
0 0.35078125 0.47734375 0.03203125 0.0265625
0 0.471875 0.46171875 0.05078125 0.021875
0 0.51484375 0.4921875 0.01875 0.025
0 0.21953125 0.5328125 0.01953125 0.02421875
0 0.259375 0.65234375 0.02265625 0.02890625
0 0.42265625 0.6484375 0.02578125 0.028125
0 0.484375 0.63125 0.01328125 0.06328125
0 0.51640625 0.621875 0.0125 0.021875
0 0.54609375 0.596875 0.01328125 0.0203125
0 0.3828125 0.69765625 0.01796875 0.021875
0 0.3296875 0.73125 0.046875 0.0203125
0 0.15703125 0.81796875 0.01640625 0.06171875
0 0.21484375 0.821875 0.0125 0.01640625
0 0.21484375 0.896875 0.01328125 0.01484375
0 0.215625 0.934375 0.04609375 0.01953125
0 0.340625 0.92734375 0.0734375 0.034375
0 0.41640625 0.890625 0.025 0.021875
0 0.4734375 0.8953125 0.01328125 0.0265625
0 0.4859375 0.78515625 0.0125 0.0140625