0 0.48984375 0.00859375 0.0296875 0.0171875
0 0.49453125 0.07890625 0.0125 0.015625
0 0.496875 0.1125 0.0140625 0.015625
0 0.3359375 0.1546875 0.03125 0.0171875
0 0.11328125 0.18046875 0.025 0.0171875
0 0.0109375 0.228125 0.0140625 0.0140625
0 0.03203125 0.2328125 0.0109375 0.0171875
0 0.11328125 0.22109375 0.0109375 0.0171875
0 0.16640625 0.28671875 0.0140625 0.0234375
0 0.18359375 0.28125 0.01875 0.0296875
0 0.20703125 0.33046875 0.009375 0.0140625
0 0.20390625 0.3484375 0.0203125 0.015625
0 0.20625 0.37578125 0.034375 0.0265625
0 0.2421875 0.41328125 0.0109375 0.0140625
0 0.23984375 0.4328125 0.0125 0.0140625
0 0.2265625 0.48984375 0.01875 0.01875
0 0.05 0.49453125 0.015625 0.015625
0 0.0890625 0.50390625 0.0109375 0.0140625
0 0.05859375 0.55390625 0.015625 0.015625
0 0.05859375 0.56484375 0.0203125 0.0171875
0 0.0859375 0.58203125 0.021875 0.0296875
0 0.06796875 0.60703125 0.015625 0.015625
0 0.14921875 0.60703125 0.021875 0.040625
0 0.2109375 0.55390625 0.0125 0.01875
0 0.21953125 0.6109375 0.0125 0.0171875
0 0.1984375 0.61875 0.0125 0.0140625
0 0.215625 0.6546875 0.0109375 0.0171875
0 0.175 0.6640625 0.0109375 0.0171875
0 0.15234375 0.6671875 0.0109375 0.0171875
0 0.13984375 0.66953125 0.0109375 0.0171875
0 0.13125 0.6703125 0.0109375 0.0171875
0 0.26484375 0.63359375 0.009375 0.015625
0 0.27578125 0.6328125 0.009375 0.0140625
0 0.2828125 0.6328125 0.009375 0.015625
0 0.409375 0.6125 0.0125 0.0203125
0 0.540625 0.59375 0.0109375 0.0203125
0 0.54921875 0.59296875 0.0109375 0.0203125
0 0.534375 0.3234375 0.0109375 0.0171875
0 0.559375 0.48125 0.0109375 0.015625
0 0.5546875 0.15234375 0.0109375 0.0171875
0 0.5671875 0.14609375 0.009375 0.0125
0 0.60234375 0.1078125 0.0140625 0.015625
0 0.60234375 0.12109375 0.0203125 0.015625
0 0.69921875 0.11796875 0.0125 0.0140625
0 0.7140625 0.2 0.0125 0.015625
0 0.74453125 0.384375 0.0140625 0.015625
0 0.753125 0.453125 0.0125 0.0140625
0 0.64375 0.5453125 0.0109375 0.0171875
0 0.6859375 0.54140625 0.0125 0.01875
0 0.7078125 0.53828125 0.0125 0.01875
0 0.72109375 0.5359375 0.0125 0.01875
0 0.73046875 0.534375 0.0125 0.01875
0 0.634375 0.5625 0.0125 0.0140625
0 0.63515625 0.58203125 0.0125 0.015625
0 0.63046875 0.60078125 0.009375 0.0140625
0 0.61171875 0.62109375 0.0203125 0.015625
0 0.6203125 0.64921875 0.01875 0.025
0 0.6140625 0.67421875 0.015625 0.0234375
0 0.6609375 0.7375 0.0125 0.0203125
0 0.66875 0.778125 0.0203125 0.0171875
0 0.703125 0.80625 0.0109375 0.015625
0 0.81015625 0.77578125 0.0140625 0.015625
0 0.92421875 0.77578125 0.0125 0.0140625
0 0.946875 0.75546875 0.0140625 0.015625
0 0.946875 0.73515625 0.0203125 0.015625
0 0.94375 0.66171875 0.0171875 0.0328125
0 0.96328125 0.6859375 0.015625 0.0234375
0 0.528125 0.61796875 0.0140625 0.0234375
0 0.29765625 0.65859375 0.0140625 0.021875
0 0.29453125 0.67734375 0.0125 0.0140625
0 0.34375 0.68359375 0.0171875 0.025
0 0.33359375 0.7203125 0.0140625 0.01875
0 0.38828125 0.740625 0.015625 0.0234375
0 0.26796875 0.6703125 0.0140625 0.0171875
0 0.25703125 0.696875 0.0125 0.0140625
0 0.25859375 0.7125 0.0109375 0.0140625
0 0.26171875 0.76484375 0.0203125 0.0171875
0 0.26796875 0.77578125 0.0125 0.0140625
0 0.265625 0.7875 0.01875 0.015625
0 0.2671875 0.7984375 0.0171875 0.015625
0 0.27421875 0.81640625 0.0125 0.015625
0 0.34765625 0.7578125 0.021875 0.0171875
0 0.29765625 0.84765625 0.0140625 0.01875
0 0.309375 0.8515625 0.0109375 0.0171875
0 0.33984375 0.85 0.0140625 0.021875
0 0.34765625 0.84921875 0.0125 0.0203125
0 0.546875 0.81875 0.0125 0.0234375
0 0.55546875 0.81796875 0.0125 0.025
0 0.57890625 0.8125 0.0140625 0.028125