0 0.115625 0.3984375 0.028125 0.0390625
0 0.22109375 0.44296875 0.0265625 0.0296875
0 0.23828125 0.521875 0.0171875 0.0234375
0 0.284375 0.53984375 0.0203125 0.025
0 0.3 0.5640625 0.0234375 0.040625
0 0.31953125 0.5859375 0.0234375 0.0421875
0 0.3171875 0.4734375 0.0296875 0.021875
0 0.30234375 0.440625 0.0234375 0.0296875
0 0.3265625 0.43046875 0.01875 0.0203125
0 0.34375 0.3984375 0.01875 0.01875
0 0.378125 0.41875 0.0203125 0.01875
0 0.421875 0.43125 0.0203125 0.0234375
0 0.49765625 0.3859375 0.0296875 0.0453125
0 0.45625 0.2703125 0.0296875 0.046875
0 0.49453125 0.23359375 0.0140625 0.034375
0 0.390625 0.20390625 0.0203125 0.05
0 0.3484375 0.3125 0.0171875 0.059375
0 0.33671875 0.2125 0.0234375 0.0421875
0 0.31171875 0.2078125 0.0265625 0.0375
0 0.28515625 0.2140625 0.0265625 0.034375
0 0.259375 0.2296875 0.015625 0.028125
0 0.35390625 0.05859375 0.025 0.0203125
0 0.4203125 0.0625 0.0265625 0.0203125
0 0.453125 0.65625 0.0171875 0.0203125
0 0.37265625 0.70546875 0.0171875 0.046875
0 0.35078125 0.69765625 0.015625 0.040625
0 0.334375 0.68984375 0.0171875 0.0265625
0 0.2734375 0.66484375 0.0109375 0.0171875