0 0.44453125 0.03359375 0.040625 0.028125
0 0.17890625 0.115625 0.0328125 0.0328125
0 0.25546875 0.12734375 0.0375 0.0515625
0 0.41796875 0.21484375 0.0640625 0.0515625
0 0.32734375 0.36875 0.040625 0.028125
0 0.68203125 0.08515625 0.028125 0.0234375
0 0.47421875 0.165625 0.0453125 0.025
0 0.45625 0.29765625 0.0359375 0.025
0 0.8390625 0.2734375 0.0484375 0.0265625
0 0.79609375 0.3234375 0.021875 0.0203125
0 0.909375 0.34296875 0.0375 0.025
0 0.9046875 0.36953125 0.040625 0.025
0 0.93671875 0.184375 0.0375 0.0265625
0 0.61171875 0.4421875 0.0296875 0.028125
0 0.74140625 0.46796875 0.034375 0.034375
0 0.7828125 0.4765625 0.028125 0.025
0 0.5140625 0.42421875 0.0265625 0.015625
0 0.44765625 0.3484375 0.0203125 0.021875