0 0.08984375 0.43359375 0.0296875 0.0203125
0 0.01796875 0.25546875 0.0296875 0.0640625
0 0.23671875 0.21953125 0.0265625 0.0203125
0 0.23203125 0.2453125 0.01875 0.01875
0 0.2984375 0.33828125 0.0375 0.0234375
0 0.18125 0.3671875 0.028125 0.0734375
0 0.303125 0.3765625 0.015625 0.015625
0 0.44375 0.31328125 0.025 0.05
0 0.4859375 0.17734375 0.034375 0.028125
0 0.5203125 0.38125 0.0234375 0.01875
0 0.740625 0.14140625 0.0234375 0.0203125
0 0.71953125 0.26328125 0.0171875 0.01875
0 0.7265625 0.3109375 0.015625 0.0171875
0 0.79140625 0.2640625 0.0265625 0.0625
0 0.87421875 0.12890625 0.0171875 0.040625
0 0.875 0.25625 0.0203125 0.021875
0 0.296875 0.62578125 0.021875 0.0203125
0 0.33515625 0.58203125 0.03125 0.028125
0 0.234375 0.58828125 0.01875 0.04375
0 0.20234375 0.20390625 0.0140625 0.01875
0 0.7609375 0.11953125 0.0140625 0.01875