0 0.3234375 0.13515625 0.0171875 0.021875
0 0.3515625 0.04296875 0.01875 0.0234375
0 0.4453125 0.1125 0.0453125 0.025
0 0.43359375 0.18828125 0.0265625 0.028125
0 0.4859375 0.18671875 0.01875 0.03125
0 0.490625 0.3859375 0.0171875 0.0328125
0 0.45625 0.6484375 0.025 0.0640625
0 0.37734375 0.61875 0.0171875 0.021875
0 0.309375 0.74375 0.021875 0.0234375
0 0.3 0.6921875 0.0421875 0.025
0 0.25625 0.68828125 0.0125 0.021875
0 0.2125 0.51015625 0.0171875 0.01875
0 0.190625 0.34921875 0.0171875 0.0296875
0 0.21796875 0.121875 0.021875 0.053125
0 0.2375 0.1359375 0.0171875 0.034375
0 0.04140625 0.1578125 0.0078125 0.01875
0 0.03125 0.2703125 0.015625 0.01875
0 0.17421875 0.28359375 0.025 0.0203125
0 0.1640625 0.2359375 0.0171875 0.028125
0 0.553125 0.4015625 0.0171875 0.028125
0 0.57109375 0.42890625 0.0203125 0.0203125
0 0.60625 0.653125 0.0171875 0.021875
0 0.63515625 0.61953125 0.009375 0.01875
0 0.69375 0.56015625 0.0171875 0.021875
0 0.703125 0.46796875 0.0265625 0.0453125
0 0.7453125 0.41796875 0.025 0.0515625