0 0.1859375 0.04296875 0.0296875 0.01875
0 0.25546875 0.034375 0.0265625 0.01875
0 0.18671875 0.1640625 0.01875 0.0390625
0 0.159375 0.23359375 0.0296875 0.0515625
0 0.121875 0.3703125 0.0296875 0.05
0 0.16328125 0.3484375 0.01875 0.0171875
0 0.2234375 0.2421875 0.0265625 0.053125
0 0.2828125 0.16953125 0.0296875 0.04375
0 0.31015625 0.1609375 0.03125 0.0390625
0 0.33671875 0.16484375 0.0328125 0.0421875
0 0.365625 0.18203125 0.0203125 0.034375
0 0.2640625 0.2765625 0.0203125 0.0671875
0 0.2890625 0.3671875 0.0234375 0.025
0 0.25390625 0.3890625 0.0234375 0.0234375
0 0.21015625 0.40390625 0.025 0.025
0 0.31015625 0.39765625 0.0234375 0.025
0 0.3359375 0.41015625 0.0234375 0.0234375
0 0.3046875 0.44609375 0.034375 0.025
0 0.24375 0.47734375 0.025 0.0421875
0 0.27578125 0.46484375 0.01875 0.034375
0 0.36484375 0.51875 0.0234375 0.025
0 0.425 0.49453125 0.0203125 0.0234375
0 0.421875 0.459375 0.01875 0.0328125
0 0.56875 0.35234375 0.0265625 0.0234375
0 0.51953125 0.34375 0.0078125 0.0125
0 0.18984375 0.67421875 0.0203125 0.0203125
0 0.321875 0.62265625 0.021875 0.0328125
0 0.28359375 0.73125 0.021875 0.053125
0 0.309375 0.72109375 0.0203125 0.0453125
0 0.38984375 0.69296875 0.0125 0.0203125