0 0.35 0.009375 0.0125 0.01875
0 0.35625 0.009375 0.0109375 0.01875
0 0.36328125 0.009375 0.0109375 0.01875
0 0.54453125 0.040625 0.0109375 0.025
0 0.5515625 0.04609375 0.009375 0.0171875
0 0.56015625 0.04296875 0.0125 0.025
0 0.59296875 0.0546875 0.009375 0.015625
0 0.60546875 0.08125 0.0140625 0.0171875
0 0.59765625 0.14375 0.0203125 0.015625
0 0.59296875 0.17421875 0.0171875 0.015625
0 0.59296875 0.19140625 0.0203125 0.0171875
0 0.4265625 0.190625 0.0171875 0.0171875
0 0.265625 0.18203125 0.009375 0.0109375
0 0.6859375 0.2109375 0.0140625 0.01875
0 0.68359375 0.22890625 0.0171875 0.0171875
0 0.65546875 0.246875 0.0109375 0.0171875
0 0.621875 0.246875 0.009375 0.0125
0 0.603125 0.28359375 0.0125 0.0234375
0 0.609375 0.31171875 0.009375 0.015625
0 0.61171875 0.33125 0.0109375 0.015625
0 0.60859375 0.3453125 0.0109375 0.015625
0 0.575 0.25 0.0125 0.0125
0 0.575 0.259375 0.009375 0.0125
0 0.5734375 0.26875 0.009375 0.0109375
0 0.5734375 0.27890625 0.0125 0.0125
0 0.56953125 0.29296875 0.0125 0.0140625
0 0.56875 0.303125 0.0125 0.0140625
0 0.565625 0.31640625 0.0125 0.015625
0 0.34453125 0.278125 0.0140625 0.0234375
0 0.36171875 0.27734375 0.0140625 0.0234375
0 0.44375 0.2953125 0.0140625 0.0234375
0 0.45546875 0.31484375 0.015625 0.025
0 0.45859375 0.3359375 0.015625 0.0234375
0 0.528125 0.35390625 0.015625 0.0265625
0 0.20390625 0.3765625 0.0109375 0.01875
0 0.528125 0.53984375 0.0171875 0.0171875
0 0.51953125 0.58359375 0.0171875 0.0171875
0 0.26328125 0.61328125 0.0109375 0.01875
0 0.2703125 0.61640625 0.0125 0.0265625
0 0.43046875 0.64375 0.0125 0.0234375
0 0.43828125 0.64296875 0.0109375 0.01875
0 0.4875 0.64765625 0.0109375 0.0171875
0 0.5578125 0.67421875 0.0125 0.0203125
0 0.56953125 0.67578125 0.0125 0.025
0 0.5796875 0.6765625 0.0125 0.021875
0 0.596875 0.68046875 0.0109375 0.015625
0 0.603125 0.68125 0.0109375 0.0171875
0 0.60703125 0.6953125 0.015625 0.04375
0 0.646875 0.68359375 0.0109375 0.01875
0 0.5609375 0.58125 0.009375 0.0140625
0 0.26171875 0.6703125 0.0125 0.0203125
0 0.4171875 0.70078125 0.0109375 0.0171875
0 0.23515625 0.6796875 0.0140625 0.025
0 0.45546875 0.72734375 0.015625 0.021875
0 0.47578125 0.71796875 0.0109375 0.0125
0 0.49140625 0.75390625 0.0125 0.015625
0 0.490625 0.7640625 0.015625 0.015625
0 0.48984375 0.775 0.0171875 0.0171875
0 0.48828125 0.7859375 0.0203125 0.0171875
0 0.34375 0.75546875 0.0171875 0.015625
0 0.221875 0.771875 0.0203125 0.0203125
0 0.20234375 0.790625 0.01875 0.01875
0 0.184375 0.8546875 0.0125 0.025
0 0.1921875 0.8546875 0.0109375 0.0234375
0 0.19921875 0.8515625 0.0109375 0.015625
0 0.2046875 0.85859375 0.0109375 0.028125
0 0.2125 0.86015625 0.0109375 0.028125
0 0.2203125 0.86171875 0.0109375 0.028125
0 0.24140625 0.8625 0.0125 0.025
0 0.3578125 0.88203125 0.0109375 0.0234375
0 0.3734375 0.88671875 0.0109375 0.0234375
0 0.38046875 0.8875 0.0109375 0.0234375
0 0.3875 0.8890625 0.0109375 0.0234375
0 0.4 0.8875 0.009375 0.015625
0 0.40703125 0.8921875 0.0109375 0.0234375
0 0.41484375 0.89375 0.0109375 0.0234375
0 0.44609375 0.88828125 0.0109375 0.015625
0 0.46953125 0.86875 0.0109375 0.0140625
0 0.4796875 0.8375 0.0125 0.015625
0 0.540625 0.83125 0.015625 0.0203125
0 0.55078125 0.86796875 0.01875 0.021875