0 0.1109375 0.4265625 0.0265625 0.0375
0 0.2171875 0.465625 0.02421875 0.028125
0 0.2375 0.54140625 0.01640625 0.021875
0 0.284375 0.55703125 0.01953125 0.0234375
0 0.30078125 0.5796875 0.02109375 0.03828125
0 0.32109375 0.60078125 0.021875 0.03984375
0 0.31328125 0.48984375 0.02890625 0.02109375
0 0.29609375 0.45859375 0.02109375 0.028125
0 0.31953125 0.44765625 0.01796875 0.01875
0 0.334375 0.415625 0.0171875 0.01640625
0 0.36953125 0.4328125 0.01875 0.01796875
0 0.41328125 0.44296875 0.01875 0.02109375
0 0.48515625 0.39453125 0.0265625 0.04296875
0 0.4390625 0.2828125 0.02734375 0.04453125
0 0.47421875 0.24453125 0.0125 0.03359375
0 0.37109375 0.221875 0.0171875 0.04765625
0 0.33515625 0.3296875 0.0140625 0.0578125
0 0.31796875 0.2328125 0.0203125 0.040625
0 0.29375 0.2296875 0.0234375 0.0359375
0 0.2671875 0.23671875 0.025 0.0328125
0 0.24296875 0.25390625 0.01484375 0.0265625
0 0.32734375 0.08046875 0.0234375 0.01953125
0 0.39296875 0.08046875 0.02421875 0.01953125
0 0.45625 0.6625 0.01640625 0.01875
0 0.37890625 0.71484375 0.01484375 0.0453125
0 0.3578125 0.709375 0.0125 0.0390625
0 0.340625 0.70234375 0.01484375 0.02578125
0 0.27890625 0.68046875 0.009375 0.01640625