0 0.39375 0.64453125 0.24375 0.03359375
0 0.31796875 0.490625 0.02109375 0.1140625
0 0.546875 0.46171875 0.02109375 0.06796875
0 0.46640625 0.3640625 0.0984375 0.03828125
0 0.33125 0.33671875 0.11796875 0.02890625
0 0.2953125 0.4 0.05 0.05390625
0 0.39375 0.4015625 0.0453125 0.0578125
0 0.43671875 0.41953125 0.02578125 0.05390625
0 0.4734375 0.2953125 0.0828125 0.02734375
0 0.5296875 0.24921875 0.0375 0.05546875
0 0.1734375 0.18046875 0.0375 0.03203125
0 0.1796875 0.21796875 0.04921875 0.04296875
0 0.2234375 0.24296875 0.059375 0.0859375
0 0.13671875 0.478125 0.0234375 0.08046875
0 0.109375 0.396875 0.0484375 0.09140625
0 0.09296875 0.41015625 0.04375 0.06171875
0 0.20859375 0.46015625 0.025 0.0703125
0 0.23203125 0.459375 0.01953125 0.05078125
0 0.1015625 0.54921875 0.04140625 0.02890625