0 0.21015625 0.06328125 0.0265625 0.0203125
0 0.278125 0.0609375 0.025 0.0203125
0 0.2 0.18046875 0.015625 0.0375
0 0.16875 0.2453125 0.025 0.0484375
0 0.12109375 0.37265625 0.025 0.046875
0 0.1625 0.35546875 0.015625 0.015625
0 0.22890625 0.2578125 0.021875 0.05
0 0.2921875 0.19375 0.025 0.040625
0 0.31875 0.18828125 0.028125 0.0359375
0 0.34375 0.19375 0.028125 0.0375
0 0.3703125 0.21328125 0.0171875 0.03125
0 0.26484375 0.29375 0.0140625 0.0640625
0 0.28203125 0.38359375 0.0203125 0.021875
0 0.24609375 0.4015625 0.021875 0.0203125
0 0.20234375 0.4125 0.021875 0.021875
0 0.29921875 0.41484375 0.0203125 0.021875
0 0.3234375 0.42890625 0.0203125 0.0203125
0 0.28984375 0.46015625 0.03125 0.021875
0 0.22890625 0.48515625 0.0203125 0.0390625
0 0.2609375 0.47578125 0.0140625 0.0328125
0 0.340625 0.5359375 0.0203125 0.0234375
0 0.4015625 0.51640625 0.0171875 0.0203125
0 0.40078125 0.4828125 0.015625 0.03125
0 0.55 0.39375 0.0234375 0.0203125
0 0.5046875 0.38125 0.00625 0.0125
0 0.1609375 0.66953125 0.0171875 0.0171875
0 0.2921875 0.63046875 0.01875 0.0296875
0 0.2453125 0.7328125 0.0171875 0.0515625
0 0.27109375 0.72421875 0.015625 0.0421875
0 0.35078125 0.7046875 0.0109375 0.01875