0 0.35546875 0.18203125 0.090625 0.05625
0 0.35390625 0.19765625 0.378125 0.165625
0 0.02890625 0.57578125 0.0421875 0.034375
0 0.08046875 0.83828125 0.1609375 0.0953125
0 0.42890625 0.46796875 0.0375 0.03125
0 0.53828125 0.52109375 0.040625 0.153125
0 0.70234375 0.49765625 0.0359375 0.021875
0 0.67734375 0.29921875 0.0328125 0.025
0 0.69609375 0.31953125 0.015625 0.0203125
0 0.709375 0.3109375 0.01875 0.015625
0 0.825 0.3375 0.2578125 0.0484375
0 0.81640625 0.35234375 0.2796875 0.05
0 0.82421875 0.37265625 0.265625 0.05
0 0.81328125 0.39375 0.3 0.053125
0 0.5796875 0.26875 0.0359375 0.046875
0 0.74375 0.67578125 0.034375 0.028125
0 0.73359375 0.71171875 0.0234375 0.0234375
0 0.7359375 0.75078125 0.0328125 0.0375
0 0.71796875 0.853125 0.0265625 0.028125
0 0.7125 0.896875 0.0265625 0.025
0 0.7109375 0.93359375 0.0234375 0.028125
0 0.79921875 0.46953125 0.028125 0.028125
0 0.63671875 0.48359375 0.0359375 0.0453125
0 0.625 0.628125 0.0390625 0.0515625
0 0.6234375 0.5890625 0.025 0.021875
0 0.6234375 0.55390625 0.03125 0.0390625