0 0.32578125 0.17890625 0.0125 0.01953125
0 0.340625 0.09296875 0.01484375 0.01953125
0 0.43359375 0.14453125 0.03984375 0.01796875
0 0.43125 0.21484375 0.02109375 0.02265625
0 0.478125 0.20703125 0.01328125 0.02578125
0 0.5046875 0.3875 0.0125 0.02890625
0 0.503125 0.628125 0.01640625 0.05625
0 0.428125 0.61015625 0.01328125 0.01875
0 0.38046875 0.7296875 0.0171875 0.01953125
0 0.36640625 0.684375 0.0359375 0.01796875
0 0.3265625 0.68671875 0.009375 0.01875
0 0.26640625 0.53046875 0.01328125 0.015625
0 0.2296875 0.3875 0.0125 0.02578125
0 0.22890625 0.1796875 0.01328125 0.04765625
0 0.2484375 0.1890625 0.0125 0.0296875
0 0.06875 0.23046875 0.01484375 0.01640625
0 0.0765625 0.3328125 0.0140625 0.015625
0 0.20703125 0.3296875 0.0203125 0.01640625
0 0.1921875 0.2875 0.0125 0.02421875
0 0.05859375 0.421875 0.01015625 0.0234375
0 0.56328125 0.39453125 0.0125 0.02421875
0 0.58203125 0.4171875 0.01640625 0.0171875
0 0.6390625 0.615625 0.01328125 0.01796875
0 0.6609375 0.58203125 0.0078125 0.015625
0 0.7078125 0.521875 0.01328125 0.01796875
0 0.70625 0.4375 0.01953125 0.0390625
0 0.73828125 0.38828125 0.01796875 0.0453125