0 0.31328125 0.0328125 0.015625 0.021875
0 0.403125 0.05546875 0.0203125 0.021875
0 0.178125 0.08359375 0.040625 0.03125
0 0.18984375 0.12734375 0.053125 0.046875
0 0.47421875 0.12890625 0.0140625 0.021875
0 0.51640625 0.165625 0.015625 0.0390625
0 0.396875 0.27734375 0.0375 0.021875
0 0.32734375 0.303125 0.0296875 0.021875
0 0.190625 0.2796875 0.0703125 0.096875
0 0.18828125 0.36484375 0.0140625 0.0140625
0 0.334375 0.47890625 0.034375 0.0296875
0 0.46015625 0.46875 0.053125 0.025
0 0.503125 0.503125 0.0203125 0.0265625
0 0.1953125 0.52890625 0.021875 0.0265625
0 0.23046875 0.6546875 0.025 0.03125
0 0.39921875 0.66015625 0.028125 0.03125
0 0.4640625 0.64453125 0.0171875 0.065625
0 0.49765625 0.63671875 0.0140625 0.0234375
0 0.53046875 0.6125 0.015625 0.021875
0 0.35546875 0.70859375 0.01875 0.0234375
0 0.29921875 0.740625 0.05 0.0234375
0 0.115625 0.8203125 0.0203125 0.0640625
0 0.17421875 0.828125 0.0140625 0.0171875
0 0.1703125 0.90546875 0.015625 0.015625
0 0.16953125 0.94453125 0.0484375 0.0234375
0 0.29921875 0.94375 0.078125 0.040625
0 0.37890625 0.91015625 0.0265625 0.0234375
0 0.4390625 0.91796875 0.015625 0.028125
0 0.4578125 0.8046875 0.0140625 0.015625