0 0.34296875 0.225 0.084375 0.0484375
0 0.34375 0.23984375 0.359375 0.134375
0 0.03828125 0.53046875 0.0515625 0.5515625
0 0.0984375 0.6546875 0.0390625 0.03125
0 0.17890625 0.89765625 0.178125 0.0796875
0 0.46171875 0.484375 0.034375 0.028125
0 0.57421875 0.5171875 0.0296875 0.1484375
0 0.72578125 0.46640625 0.0328125 0.01875
0 0.66953125 0.28203125 0.03125 0.021875
0 0.690625 0.2984375 0.0140625 0.0171875
0 0.70078125 0.2875 0.015625 0.015625
0 0.81640625 0.29375 0.25 0.0296875
0 0.81015625 0.309375 0.271875 0.0296875
0 0.82109375 0.328125 0.2578125 0.0296875
0 0.8140625 0.35 0.290625 0.03125
0 0.57109375 0.2703125 0.03125 0.04375
0 0.7953125 0.62890625 0.03125 0.025
0 0.7921875 0.66640625 0.021875 0.0203125
0 0.8 0.70234375 0.0296875 0.034375
0 0.80078125 0.80234375 0.0234375 0.0265625
0 0.803125 0.84453125 0.0234375 0.0234375
0 0.8078125 0.88046875 0.021875 0.0265625
0 0.81328125 0.42421875 0.0265625 0.0265625
0 0.66171875 0.46484375 0.03125 0.0421875
0 0.67421875 0.603125 0.0359375 0.0484375
0 0.6671875 0.5671875 0.0234375 0.01875
0 0.6609375 0.53359375 0.028125 0.0359375