0 0.08828125 0.2671875 0.021875 0.0625
0 0.34140625 0.2359375 0.03125 0.1015625
0 0.3734375 0.23125 0.0328125 0.1078125
0 0.23671875 0.41484375 0.0375 0.028125
0 0.1640625 0.3859375 0.0125 0.01875
0 0.08671875 0.66015625 0.0328125 0.109375
0 0.15546875 0.62265625 0.0234375 0.0296875
0 0.33359375 0.5078125 0.009375 0.01875
0 0.38203125 0.54921875 0.0171875 0.028125
0 0.3828125 0.71640625 0.0296875 0.0234375
0 0.40625 0.75078125 0.0734375 0.0375
0 0.290625 0.784375 0.05 0.028125
0 0.303125 0.828125 0.0171875 0.0203125