0 0.16171875 0.25390625 0.01328125 0.05703125
0 0.40234375 0.25390625 0.01875 0.09453125
0 0.4328125 0.25234375 0.01875 0.10078125
0 0.284375 0.409375 0.0328125 0.021875
0 0.21953125 0.37421875 0.009375 0.01640625
0 0.115625 0.62109375 0.01796875 0.10078125
0 0.18359375 0.59375 0.01875 0.0265625
0 0.3640625 0.5078125 0.00703125 0.0171875
0 0.4046875 0.5515625 0.01328125 0.025
0 0.38671875 0.70859375 0.025 0.01953125
0 0.4046875 0.74296875 0.06640625 0.02734375
0 0.2921875 0.76171875 0.04375 0.02109375
0 0.29921875 0.803125 0.0140625 0.01796875