0 0.33359375 0.1296875 0.028125 0.0234375
0 0.37265625 0.15625 0.0171875 0.015625
0 0.459375 0.13515625 0.0203125 0.021875
0 0.5421875 0.1390625 0.03125 0.05
0 0.584375 0.140625 0.0203125 0.0765625
0 0.61640625 0.23359375 0.01875 0.0625
0 0.51015625 0.340625 0.0421875 0.0453125
0 0.4109375 0.315625 0.0359375 0.0640625
0 0.26953125 0.315625 0.0328125 0.0484375
0 0.33984375 0.38671875 0.025 0.0234375
0 0.26015625 0.41953125 0.0203125 0.0234375
0 0.15546875 0.4453125 0.040625 0.04375
0 0.11640625 0.465625 0.0203125 0.0578125
0 0.275 0.46484375 0.021875 0.028125
0 0.5140625 0.46328125 0.0234375 0.053125
0 0.575 0.5390625 0.0140625 0.01875
0 0.50703125 0.59453125 0.0203125 0.0203125
0 0.20234375 0.6015625 0.0109375 0.021875
0 0.1390625 0.590625 0.015625 0.0265625
0 0.26484375 0.6265625 0.05 0.0296875
0 0.32890625 0.67578125 0.0390625 0.0296875