0 0.228125 0.0515625 0.00859375 0.01328125
0 0.24765625 0.04609375 0.00859375 0.0171875
0 0.25546875 0.0359375 0.00859375 0.0328125
0 0.46171875 0.0375 0.00703125 0.0359375
0 0.46953125 0.04375 0.0078125 0.02109375
0 0.5125 0.103125 0.025 0.0125
0 0.50625 0.165625 0.009375 0.0125
0 0.50390625 0.19609375 0.0109375 0.01171875
0 0.35625 0.2109375 0.0265625 0.0109375
0 0.15546875 0.203125 0.02109375 0.0125
0 0.05859375 0.2296875 0.01015625 0.0109375
0 0.0765625 0.2375 0.00859375 0.0140625
0 0.14921875 0.23828125 0.00703125 0.01484375
0 0.1875 0.30390625 0.009375 0.0203125
0 0.203125 0.3015625 0.0125 0.02578125
0 0.2171875 0.3484375 0.00703125 0.0109375
0 0.21171875 0.36328125 0.0171875 0.01171875
0 0.21015625 0.38828125 0.028125 0.01953125
0 0.2359375 0.4265625 0.00859375 0.01171875
0 0.23203125 0.44375 0.009375 0.0109375
0 0.21171875 0.49140625 0.01328125 0.01484375
0 0.05546875 0.47109375 0.01171875 0.0125
0 0.0890625 0.48515625 0.00859375 0.0109375
0 0.0546875 0.525 0.01171875 0.01171875
0 0.053125 0.53515625 0.0171875 0.0125
0 0.075 0.55390625 0.01484375 0.02421875
0 0.05546875 0.57265625 0.0125 0.0125
0 0.12734375 0.584375 0.01484375 0.034375
0 0.18984375 0.54609375 0.00859375 0.01484375
0 0.1890625 0.59765625 0.00859375 0.01484375
0 0.16953125 0.6015625 0.00859375 0.0109375
0 0.17890625 0.6359375 0.0078125 0.0140625
0 0.14140625 0.63828125 0.0078125 0.01484375
0 0.12109375 0.6375 0.00703125 0.0140625
0 0.11015625 0.6375 0.00703125 0.0140625
0 0.103125 0.6375 0.0078125 0.0140625
0 0.22578125 0.62421875 0.00703125 0.0125
0 0.23515625 0.625 0.00625 0.0109375
0 0.2421875 0.62578125 0.00703125 0.0125
0 0.35625 0.62578125 0.009375 0.01640625
0 0.475 0.62734375 0.0078125 0.01640625
0 0.4828125 0.62734375 0.0078125 0.01640625
0 0.50703125 0.38828125 0.0078125 0.0140625
0 0.50703125 0.53046875 0.00859375 0.0125
0 0.54921875 0.2390625 0.00703125 0.01484375
0 0.5609375 0.2359375 0.00703125 0.01015625
0 0.596875 0.20703125 0.0109375 0.0125
0 0.5953125 0.21875 0.0171875 0.01171875
0 0.68125 0.2296875 0.00859375 0.01171875
0 0.6828125 0.30390625 0.009375 0.0125
0 0.68359375 0.47109375 0.0109375 0.01171875
0 0.68203125 0.5328125 0.009375 0.0109375
0 0.57265625 0.59921875 0.0078125 0.0140625
0 0.61015625 0.6015625 0.00859375 0.01484375
0 0.63046875 0.6015625 0.00859375 0.01484375
0 0.6421875 0.6015625 0.00859375 0.015625
0 0.65 0.6015625 0.00859375 0.01484375
0 0.56171875 0.61328125 0.009375 0.0109375
0 0.559375 0.63046875 0.00859375 0.0125
0 0.553125 0.64609375 0.00703125 0.01171875
0 0.53359375 0.6609375 0.01640625 0.01171875
0 0.53671875 0.6875 0.01328125 0.02109375
0 0.52890625 0.709375 0.01015625 0.01953125
0 0.5609375 0.77109375 0.00859375 0.0171875
0 0.5625 0.8078125 0.0171875 0.0125
0 0.58828125 0.83828125 0.00859375 0.0125
0 0.6875 0.82578125 0.0109375 0.01171875
0 0.78828125 0.8421875 0.009375 0.0109375
0 0.8109375 0.8265625 0.0109375 0.01171875
0 0.8140625 0.809375 0.01640625 0.01171875
0 0.821875 0.74375 0.0109375 0.02890625
0 0.83515625 0.76796875 0.01015625 0.0203125
0 0.4609375 0.646875 0.009375 0.0203125
0 0.25078125 0.65078125 0.00859375 0.01875
0 0.24609375 0.66640625 0.00859375 0.01171875
0 0.28828125 0.6796875 0.01171875 0.02109375
0 0.27421875 0.71015625 0.009375 0.015625
0 0.3203125 0.7359375 0.0109375 0.0203125
0 0.2234375 0.65703125 0.0109375 0.0140625
0 0.21015625 0.67890625 0.009375 0.01171875
0 0.20859375 0.69296875 0.0078125 0.01171875
0 0.2046875 0.73984375 0.01640625 0.01328125
0 0.2078125 0.75 0.009375 0.0109375
0 0.2046875 0.76015625 0.01484375 0.01171875
0 0.2046875 0.7703125 0.0140625 0.01171875
0 0.2078125 0.78671875 0.00859375 0.0125
0 0.28203125 0.74453125 0.0171875 0.0125
0 0.225 0.8171875 0.01015625 0.01484375
0 0.234375 0.821875 0.00859375 0.0140625
0 0.2625 0.825 0.00859375 0.01875
0 0.26875 0.82578125 0.00859375 0.0171875
0 0.4484375 0.8265625 0.0078125 0.0203125
0 0.45625 0.828125 0.00859375 0.02109375
0 0.478125 0.82578125 0.00859375 0.02421875