0 0.24453125 0.2015625 0.0109375 0.1140625
0 0.3953125 0.278125 0.0109375 0.0515625
0 0.5234375 0.19765625 0.01015625 0.1171875
0 0.534375 0.20234375 0.01171875 0.1125
0 0.534375 0.2796875 0.01171875 0.04765625
0 0.55546875 0.2703125 0.009375 0.06171875
0 0.58828125 0.16953125 0.01328125 0.04140625
0 0.58828125 0.128125 0.01328125 0.03984375
0 0.60546875 0.08359375 0.0171875 0.01484375
0 0.6515625 0.1671875 0.01171875 0.04375
0 0.68125 0.3578125 0.0984375 0.015625
0 0.73125 0.1796875 0.03046875 0.03984375
0 0.63125 0.659375 0.01875 0.01484375
0 0.6484375 0.659375 0.0265625 0.01640625
0 0.60546875 0.6921875 0.03359375 0.021875
0 0.58671875 0.7328125 0.04375 0.03359375
0 0.603125 0.77109375 0.03671875 0.034375
0 0.6484375 0.7625 0.01328125 0.040625
0 0.66015625 0.74921875 0.01796875 0.01796875
0 0.65 0.72734375 0.01171875 0.01484375
0 0.6703125 0.721875 0.01015625 0.021875
0 0.6796875 0.73359375 0.0109375 0.0484375
0 0.78984375 0.6703125 0.05 0.0265625
0 0.80390625 0.6203125 0.04765625 0.01484375
0 0.79765625 0.63828125 0.06015625 0.021875
0 0.8375 0.65078125 0.0109375 0.06796875
0 0.84609375 0.63984375 0.0109375 0.09296875
0 0.83046875 0.66640625 0.02421875 0.01484375
0 0.79921875 0.71484375 0.0640625 0.0296875
0 0.79375 0.740625 0.10703125 0.01953125
0 0.840625 0.74296875 0.0578125 0.04375
0 0.84375 0.71015625 0.03203125 0.03828125