0 0.12109375 0.3859375 0.0296875 0.040625
0 0.22265625 0.4359375 0.0265625 0.03125
0 0.234375 0.5140625 0.01875 0.0234375
0 0.2796875 0.534375 0.021875 0.025
0 0.29375 0.55859375 0.025 0.040625
0 0.31171875 0.58125 0.0265625 0.0421875
0 0.315625 0.4703125 0.03125 0.0234375
0 0.3015625 0.4375 0.0234375 0.0296875
0 0.32578125 0.42890625 0.0203125 0.0203125
0 0.34375 0.3984375 0.01875 0.01875
0 0.37734375 0.41953125 0.0203125 0.0203125
0 0.41953125 0.434375 0.0203125 0.0234375
0 0.49609375 0.39375 0.03125 0.0453125
0 0.46171875 0.27734375 0.03125 0.046875
0 0.50078125 0.24296875 0.015625 0.034375
0 0.40078125 0.21015625 0.021875 0.0484375
0 0.35390625 0.31328125 0.0203125 0.059375
0 0.346875 0.215625 0.025 0.0421875
0 0.3234375 0.209375 0.0265625 0.0375
0 0.29609375 0.2140625 0.028125 0.0359375
0 0.2703125 0.228125 0.0171875 0.028125
0 0.371875 0.06484375 0.025 0.021875
0 0.4375 0.071875 0.0265625 0.021875
0 0.43984375 0.65703125 0.01875 0.0203125
0 0.35703125 0.70078125 0.01875 0.046875
0 0.33671875 0.69375 0.0171875 0.040625
0 0.3203125 0.684375 0.0171875 0.0265625
0 0.2609375 0.65625 0.0109375 0.0171875