0 0.13046875 0.26015625 0.0203125 0.015625
0 0.1765625 0.24609375 0.021875 0.0171875
0 0.24609375 0.3328125 0.03125 0.0203125
0 0.23984375 0.23984375 0.04140625 0.0203125
0 0.2421875 0.17890625 0.03984375 0.015625
0 0.24609375 0.14609375 0.03203125 0.01640625
0 0.346875 0.06640625 0.02421875 0.03046875
0 0.38828125 0.06796875 0.0234375 0.0296875
0 0.43203125 0.06796875 0.021875 0.0296875
0 0.47265625 0.07109375 0.02109375 0.0234375
0 0.51796875 0.190625 0.02265625 0.01171875
0 0.453125 0.24375 0.015625 0.015625
0 0.528125 0.2265625 0.02734375 0.01484375
0 0.56875 0.30859375 0.02421875 0.0171875
0 0.46796875 0.3546875 0.03828125 0.01953125
0 0.36640625 0.41171875 0.03515625 0.025
0 0.5359375 0.3984375 0.02734375 0.015625
0 0.41328125 0.459375 0.02421875 0.01640625
0 0.7625 0.1015625 0.0296875 0.0171875
0 0.64296875 0.17421875 0.01953125 0.02421875
0 0.65859375 0.28359375 0.04921875 0.03359375
0 0.7671875 0.30703125 0.028125 0.01484375
0 0.82734375 0.28984375 0.021875 0.0328125
0 0.86640625 0.2390625 0.02578125 0.03515625