0 0.2609375 0.153125 0.0203125 0.11875
0 0.4125 0.24375 0.015625 0.0546875
0 0.5515625 0.16953125 0.01875 0.1234375
0 0.5625 0.175 0.0203125 0.1171875
0 0.55703125 0.25546875 0.015625 0.05
0 0.5796875 0.24765625 0.0140625 0.0640625
0 0.62109375 0.14453125 0.0171875 0.04375
0 0.62421875 0.1015625 0.0171875 0.04375
0 0.6453125 0.05703125 0.01875 0.015625
0 0.6875 0.146875 0.015625 0.0453125
0 0.70390625 0.34765625 0.103125 0.0234375
0 0.76953125 0.165625 0.034375 0.04375
0 0.63046875 0.6578125 0.0203125 0.015625
0 0.64765625 0.659375 0.0296875 0.01875
0 0.60078125 0.68984375 0.0359375 0.025
0 0.57890625 0.73046875 0.0484375 0.0390625
0 0.59296875 0.771875 0.040625 0.0390625
0 0.640625 0.765625 0.0171875 0.04375
0 0.65390625 0.753125 0.0203125 0.0203125
0 0.6453125 0.7296875 0.0140625 0.015625
0 0.66640625 0.72578125 0.0125 0.0234375
0 0.675 0.73828125 0.0140625 0.05
0 0.7953125 0.68046875 0.0546875 0.03125
0 0.8125 0.6296875 0.0515625 0.01875
0 0.8046875 0.64765625 0.0640625 0.0265625
0 0.8453125 0.66328125 0.0171875 0.0703125
0 0.85546875 0.65234375 0.01875 0.096875
0 0.83671875 0.6796875 0.0265625 0.0171875
0 0.80078125 0.72734375 0.06875 0.0359375
0 0.79296875 0.75390625 0.1125 0.028125
0 0.8421875 0.759375 0.0640625 0.05
0 0.84765625 0.72578125 0.0359375 0.0421875