0 0.10703125 0.27265625 0.021875 0.0171875
0 0.153125 0.2546875 0.0234375 0.01875
0 0.23046875 0.340625 0.0328125 0.0234375
0 0.2171875 0.24453125 0.04375 0.0234375
0 0.21640625 0.18125 0.0421875 0.01875
0 0.21796875 0.14765625 0.034375 0.01875
0 0.315625 0.0578125 0.0265625 0.0328125
0 0.3578125 0.05703125 0.0265625 0.0328125
0 0.403125 0.05390625 0.025 0.03125
0 0.44453125 0.0546875 0.0234375 0.025
0 0.50078125 0.1734375 0.0234375 0.0140625
0 0.4375 0.2328125 0.0171875 0.0171875
0 0.51328125 0.21015625 0.0296875 0.0171875
0 0.5609375 0.29140625 0.0265625 0.0203125
0 0.4609375 0.34609375 0.040625 0.0234375
0 0.3609375 0.4125 0.0375 0.028125
0 0.534375 0.38671875 0.0296875 0.01875
0 0.41171875 0.4578125 0.0265625 0.01875
0 0.7453125 0.06484375 0.03125 0.0203125
0 0.62734375 0.1484375 0.021875 0.0265625
0 0.6515625 0.259375 0.053125 0.0375
0 0.765625 0.2765625 0.0296875 0.0171875
0 0.82578125 0.253125 0.025 0.0359375
0 0.8625 0.19921875 0.0296875 0.0375