0 0.3171875 0.125 0.01953125 0.01875
0 0.44765625 0.14921875 0.0578125 0.02109375
0 0.4578125 0.20234375 0.0171875 0.021875
0 0.4546875 0.303125 0.0125 0.021875
0 0.45234375 0.32890625 0.009375 0.02109375
0 0.17265625 0.25234375 0.0140625 0.02265625
0 0.221875 0.3875 0.01328125 0.0140625
0 0.24609375 0.39296875 0.0140625 0.02265625
0 0.3890625 0.39453125 0.0140625 0.025
0 0.43359375 0.521875 0.05234375 0.02109375
0 0.15859375 0.60625 0.0125 0.0234375
0 0.1921875 0.62265625 0.015625 0.0453125
0 0.2640625 0.71875 0.0375 0.02265625
0 0.3640625 0.73671875 0.0546875 0.02109375
0 0.3625 0.78359375 0.06328125 0.0265625
0 0.38984375 0.66171875 0.02109375 0.0203125
0 0.43671875 0.65703125 0.0140625 0.02578125
0 0.35859375 0.65546875 0.0359375 0.0515625