0 0.07578125 0.12734375 0.0203125 0.05625
0 0.09921875 0.1484375 0.0265625 0.0796875
0 0.15078125 0.178125 0.05 0.0375
0 0.18671875 0.17734375 0.0515625 0.040625
0 0.2234375 0.1765625 0.0515625 0.0421875
0 0.1578125 0.24296875 0.05625 0.0296875
0 0.065625 0.5578125 0.0421875 0.55
0 0.159375 0.62578125 0.0328125 0.03125
0 0.165625 0.6765625 0.0421875 0.0328125
0 0.27578125 0.5625 0.040625 0.0375
0 0.3328125 0.7828125 0.025 0.08125
0 0.28203125 0.79453125 0.021875 0.0609375
0 0.2484375 0.8015625 0.01875 0.04375
0 0.259375 0.85625 0.1 0.0578125
0 0.140625 0.8609375 0.0671875 0.034375
0 0.23125 0.9171875 0.1546875 0.0328125
0 0.46015625 0.8578125 0.0546875 0.0375
0 0.50234375 0.75078125 0.0359375 0.028125
0 0.496875 0.5421875 0.0375 0.03125
0 0.49140625 0.33515625 0.0421875 0.0296875
0 0.10234375 0.51484375 0.0390625 0.1421875