0 0.1421875 0.1390625 0.1 0.05
0 0.25390625 0.109375 0.196875 0.046875
0 0.253125 0.14609375 0.1375 0.0515625
0 0.1109375 0.26640625 0.0359375 0.1625
0 0.371875 0.3421875 0.0234375 0.04375
0 0.47578125 0.2328125 0.0265625 0.046875
0 0.59375 0.31796875 0.034375 0.1265625
0 0.53984375 0.415625 0.0453125 0.0375
0 0.51875 0.46171875 0.0828125 0.034375
0 0.20859375 0.3859375 0.0828125 0.0421875
0 0.059375 0.50234375 0.040625 0.1109375
0 0.3359375 0.634375 0.0265625 0.0609375
0 0.25625 0.71953125 0.0203125 0.04375
0 0.16875 0.7125 0.021875 0.040625
0 0.11875 0.68828125 0.0125 0.0265625