0 0.2703125 0.0453125 0.06875 0.0296875
0 0.40859375 0.06328125 0.03125 0.0203125
0 0.3296875 0.10546875 0.0125 0.0140625
0 0.35234375 0.10859375 0.0125 0.0171875
0 0.12109375 0.090625 0.0203125 0.015625
0 0.12421875 0.1078125 0.009375 0.0125
0 0.12109375 0.1296875 0.0109375 0.015625
0 0.1140625 0.146875 0.0203125 0.0203125
0 0.109375 0.20546875 0.015625 0.0171875
0 0.10546875 0.22578125 0.015625 0.0171875
0 0.103125 0.2453125 0.015625 0.0171875
0 0.1 0.26875 0.015625 0.0171875
0 0.09453125 0.28671875 0.021875 0.0203125
0 0.0953125 0.3046875 0.015625 0.0171875
0 0.0921875 0.321875 0.015625 0.0171875
0 0.08515625 0.35625 0.01875 0.0171875
0 0.07421875 0.415625 0.0234375 0.0203125
0 0.07421875 0.434375 0.01875 0.01875
0 0.071875 0.45234375 0.01875 0.0171875
0 0.06953125 0.46875 0.0203125 0.01875
0 0.0671875 0.48671875 0.01875 0.0171875
0 0.1109375 0.52421875 0.0140625 0.0375
0 0.14765625 0.52421875 0.0140625 0.021875
0 0.16171875 0.51953125 0.009375 0.009375
0 0.17421875 0.52265625 0.0109375 0.0125
0 0.22109375 0.53671875 0.0140625 0.028125
0 0.23828125 0.53515625 0.0125 0.0203125
0 0.29921875 0.54375 0.0140625 0.0203125
0 0.31171875 0.54921875 0.0140625 0.028125
0 0.328125 0.5515625 0.0140625 0.0296875
0 0.34140625 0.5515625 0.0140625 0.025
0 0.40078125 0.56015625 0.0140625 0.025
0 0.43203125 0.56875 0.015625 0.0328125
0 0.44453125 0.56640625 0.0140625 0.025
0 0.47265625 0.56953125 0.0125 0.0234375
0 0.48515625 0.57109375 0.0125 0.0234375
0 0.49765625 0.578125 0.015625 0.034375
0 0.55625 0.57109375 0.0421875 0.0203125
0 0.59296875 0.35 0.0125 0.0203125
0 0.32734375 0.59453125 0.0171875 0.0171875
0 0.12578125 0.6171875 0.0375 0.0203125
0 0.046875 0.63984375 0.0140625 0.0328125
0 0.05078125 0.715625 0.0109375 0.01875
0 0.25390625 0.65546875 0.0296875 0.0171875
0 0.503125 0.67421875 0.06875 0.028125
0 0.07578125 0.7703125 0.0109375 0.015625
0 0.19140625 0.78671875 0.0109375 0.01875
0 0.21640625 0.78671875 0.009375 0.009375
0 0.2765625 0.79921875 0.0125 0.0203125
0 0.29765625 0.80234375 0.0125 0.0203125
0 0.34375 0.80859375 0.0125 0.0203125
0 0.7671875 0.26484375 0.028125 0.0921875
0 0.665625 0.32421875 0.0140625 0.015625
0 0.65078125 0.38828125 0.0125 0.021875
0 0.7375 0.40078125 0.01875 0.059375
0 0.7046875 0.44375 0.0125 0.021875
0 0.7 0.46640625 0.015625 0.015625
0 0.62890625 0.47578125 0.0171875 0.0578125
0 0.69921875 0.57734375 0.03125 0.1078125