0 0.09921875 0.109375 0.01875 0.0546875
0 0.12109375 0.13046875 0.02265625 0.07734375
0 0.1703125 0.1609375 0.04765625 0.03515625
0 0.2046875 0.16171875 0.04921875 0.0375
0 0.240625 0.1625 0.04921875 0.0390625
0 0.175 0.22421875 0.05390625 0.02734375
0 0.075 0.52578125 0.02265625 0.5328125
0 0.16328125 0.5953125 0.03125 0.0296875
0 0.1671875 0.64453125 0.03984375 0.03046875
0 0.278125 0.53828125 0.03828125 0.034375
0 0.3265625 0.753125 0.02109375 0.078125
0 0.2765625 0.7625 0.0203125 0.05859375
0 0.24375 0.76875 0.0171875 0.0421875
0 0.2515625 0.821875 0.09609375 0.05234375
0 0.1375 0.82265625 0.06328125 0.03125
0 0.2234375 0.88046875 0.1484375 0.02734375
0 0.446875 0.83046875 0.0515625 0.03515625
0 0.49140625 0.728125 0.034375 0.0265625
0 0.49296875 0.52578125 0.0359375 0.028125
0 0.49453125 0.325 0.03984375 0.02734375
0 0.11171875 0.48515625 0.03359375 0.13671875