0 0.30703125 0.14296875 0.015625 0.01328125
0 0.26796875 0.17109375 0.03046875 0.01484375
0 0.19609375 0.228125 0.0109375 0.021875
0 0.21484375 0.22421875 0.009375 0.01328125
0 0.04375 0.309375 0.0125 0.01640625
0 0.07421875 0.225 0.02109375 0.01640625
0 0.078125 0.2421875 0.01484375 0.015625
0 0.078125 0.259375 0.01640625 0.015625
0 0.075 0.278125 0.02265625 0.0171875
0 0.075 0.3 0.021875 0.01875
0 0.075 0.334375 0.01953125 0.0171875
0 0.0796875 0.353125 0.01015625 0.0171875
0 0.0796875 0.375 0.0078125 0.0140625
0 0.06796875 0.40390625 0.03046875 0.015625
0 0.1078125 0.44609375 0.01015625 0.03828125
0 0.12890625 0.43828125 0.0125 0.0203125
0 0.1453125 0.43828125 0.01015625 0.01953125
0 0.1984375 0.4359375 0.01171875 0.01484375
0 0.21328125 0.43515625 0.01015625 0.01328125
0 0.24453125 0.43828125 0.0125 0.01953125
0 0.259375 0.43828125 0.0109375 0.0203125
0 0.30625 0.43828125 0.01171875 0.0203125
0 0.31953125 0.43828125 0.0109375 0.0203125
0 0.33125 0.43828125 0.0109375 0.0203125
0 0.353125 0.43828125 0.0109375 0.0203125
0 0.39140625 0.440625 0.01171875 0.02421875
0 0.4046875 0.43984375 0.0109375 0.021875
0 0.4171875 0.440625 0.0109375 0.0234375
0 0.4640625 0.44140625 0.01171875 0.025
0 0.51953125 0.43984375 0.01171875 0.02265625
0 0.55234375 0.40859375 0.03984375 0.01328125
0 0.546875 0.5859375 0.04140625 0.01640625
0 0.2390625 0.59296875 0.0171875 0.015625
0 0.275 0.61328125 0.0109375 0.0203125
0 0.23359375 0.6875 0.0375 0.01484375
0 0.49453125 0.684375 0.01640625 0.0171875
0 0.53828125 0.68828125 0.0109375 0.01875
0 0.159375 0.5671875 0.065625 0.01796875
0 0.05859375 0.5875 0.00859375 0.0359375
0 0.075 0.88828125 0.01640625 0.01875
0 0.0796875 0.87109375 0.0078125 0.01484375
0 0.09921875 0.84609375 0.0109375 0.01484375
0 0.11015625 0.84609375 0.0109375 0.01484375
0 0.29140625 0.84140625 0.0109375 0.02265625
0 0.34453125 0.84140625 0.01171875 0.02578125