0 0.078125 0.1140625 0.0203125 0.05625
0 0.1015625 0.13515625 0.025 0.0796875
0 0.15390625 0.16484375 0.05 0.0375
0 0.1890625 0.1640625 0.0515625 0.040625
0 0.2265625 0.16328125 0.0515625 0.0421875
0 0.1609375 0.2296875 0.05625 0.0296875
0 0.06953125 0.5421875 0.0421875 0.546875
0 0.1625 0.61015625 0.0328125 0.03125
0 0.16796875 0.66015625 0.0421875 0.0328125
0 0.27734375 0.546875 0.040625 0.0359375
0 0.33515625 0.76640625 0.025 0.08125
0 0.284375 0.77734375 0.021875 0.0609375
0 0.2515625 0.78515625 0.01875 0.04375
0 0.2609375 0.8390625 0.1 0.0578125
0 0.14296875 0.84375 0.065625 0.034375
0 0.23359375 0.9 0.153125 0.0328125
0 0.4609375 0.840625 0.0546875 0.0375
0 0.503125 0.734375 0.0359375 0.028125
0 0.49765625 0.5265625 0.0375 0.0296875
0 0.4921875 0.3203125 0.0421875 0.0296875
0 0.10546875 0.49921875 0.0390625 0.1421875