0 0.2734375 0.09765625 0.0203125 0.021875
0 0.09375 0.32578125 0.01875 0.025
0 0.16796875 0.44453125 0.0609375 0.0296875
0 0.1203125 0.2703125 0.021875 0.0234375
0 0.1171875 0.21796875 0.0140625 0.0203125
0 0.15859375 0.1546875 0.015625 0.0171875
0 0.20234375 0.1484375 0.015625 0.0171875
0 0.35546875 0.1234375 0.015625 0.0234375
0 0.25390625 0.5484375 0.015625 0.0203125
0 0.334375 0.53046875 0.034375 0.028125
0 0.459375 0.51796875 0.053125 0.0296875
0 0.51875 0.5609375 0.0265625 0.0546875
0 0.1984375 0.7140625 0.0171875 0.028125
0 0.17734375 0.70703125 0.0171875 0.025
0 0.29765625 0.8234375 0.025 0.021875
0 0.3734375 0.80859375 0.034375 0.0265625
0 0.44609375 0.76640625 0.01875 0.025
0 0.51015625 0.70078125 0.021875 0.0421875