0 0.18671875 0.12578125 0.0984375 0.0484375
0 0.2984375 0.09609375 0.196875 0.046875
0 0.296875 0.1328125 0.1359375 0.0515625
0 0.15546875 0.2515625 0.0359375 0.1625
0 0.415625 0.328125 0.0234375 0.04375
0 0.51875 0.21875 0.0265625 0.046875
0 0.63515625 0.303125 0.034375 0.1265625
0 0.58203125 0.40078125 0.0453125 0.0375
0 0.5609375 0.4453125 0.08125 0.034375
0 0.25390625 0.371875 0.0828125 0.0421875
0 0.10546875 0.48671875 0.040625 0.1109375
0 0.3796875 0.61796875 0.0265625 0.0609375
0 0.3 0.70234375 0.01875 0.04375
0 0.2140625 0.69609375 0.021875 0.040625
0 0.16484375 0.671875 0.0125 0.0265625