0 0.2640625 0.09765625 0.021875 0.021875
0 0.4046875 0.10859375 0.0640625 0.0296875
0 0.42109375 0.16328125 0.0203125 0.025
0 0.42890625 0.26953125 0.015625 0.025
0 0.4296875 0.29765625 0.0125 0.0234375
0 0.1265625 0.246875 0.0171875 0.025
0 0.19296875 0.384375 0.015625 0.015625
0 0.21953125 0.38828125 0.0171875 0.025
0 0.36953125 0.3734375 0.0171875 0.028125
0 0.43125 0.50234375 0.0578125 0.028125
0 0.15078125 0.62265625 0.015625 0.0265625
0 0.1875 0.6359375 0.021875 0.0484375
0 0.27421875 0.7296875 0.0421875 0.028125
0 0.38125 0.7375 0.059375 0.028125
0 0.38515625 0.7859375 0.0703125 0.034375
0 0.40078125 0.6546875 0.025 0.0234375
0 0.44921875 0.64453125 0.0171875 0.028125
0 0.36640625 0.65234375 0.04375 0.0578125