0 0.40546875 0.2703125 0.03125 0.04375
0 0.4875 0.2046875 0.0328125 0.04375
0 0.49296875 0.26328125 0.0328125 0.04375
0 0.496875 0.3125 0.0328125 0.04375
0 0.5015625 0.3625 0.0328125 0.04375
0 0.72578125 0.2921875 0.0328125 0.0453125
0 0.73046875 0.34375 0.0328125 0.04375
0 0.11328125 0.44296875 0.0328125 0.04375
0 0.153125 0.4390625 0.0328125 0.04375
0 0.209375 0.43984375 0.0328125 0.04375
0 0.3421875 0.50234375 0.0328125 0.04375
0 0.3859375 0.4984375 0.0328125 0.04375
0 0.42890625 0.49453125 0.0328125 0.04375
0 0.4625 0.49140625 0.0328125 0.04375
0 0.53203125 0.48515625 0.0328125 0.04375
0 0.5703125 0.48203125 0.0328125 0.04375
0 0.61640625 0.478125 0.0328125 0.04375
0 0.17734375 0.7296875 0.0328125 0.04375
0 0.18125 0.77421875 0.0328125 0.04375
0 0.184375 0.8140625 0.0328125 0.04375
0 0.1890625 0.86171875 0.0328125 0.04375
0 0.19296875 0.9078125 0.0328125 0.04375
0 0.2 0.96640625 0.0328125 0.04375
0 0.25390625 0.96171875 0.0328125 0.04375
0 0.296875 0.9578125 0.0328125 0.04375
0 0.34375 0.95390625 0.0328125 0.04375
0 0.425 0.946875 0.0328125 0.04375
0 0.4640625 0.94296875 0.0328125 0.04375
0 0.51171875 0.9390625 0.0328125 0.04375