0 0.3890625 0.0453125 0.0203125 0.0234375
0 0.14921875 0.2171875 0.0203125 0.025
0 0.1890625 0.3546875 0.0625 0.0296875
0 0.190625 0.16953125 0.021875 0.0234375
0 0.20234375 0.11796875 0.0140625 0.0203125
0 0.26015625 0.06875 0.015625 0.0171875
0 0.3046875 0.07421875 0.015625 0.0171875
0 0.46171875 0.0921875 0.015625 0.025
0 0.24296875 0.47890625 0.015625 0.021875
0 0.32734375 0.484375 0.034375 0.028125
0 0.45234375 0.50703125 0.0546875 0.0296875
0 0.4984375 0.56640625 0.0265625 0.0546875
0 0.14296875 0.62578125 0.0171875 0.0296875
0 0.12421875 0.6125 0.0171875 0.025
0 0.20859375 0.76015625 0.025 0.021875
0 0.2875 0.7671875 0.034375 0.028125
0 0.3703125 0.74609375 0.01875 0.025
0 0.4515625 0.7 0.021875 0.04375