0 0.15703125 0.3171875 0.01875 0.0296875
0 0.1484375 0.2390625 0.028125 0.0265625
0 0.11328125 0.2734375 0.01875 0.0265625
0 0.18203125 0.1734375 0.0375 0.0265625
0 0.23125 0.12421875 0.0234375 0.0265625
0 0.28671875 0.12109375 0.01875 0.0203125
0 0.33984375 0.17734375 0.021875 0.0484375
0 0.35625 0.275 0.0171875 0.0203125
0 0.38515625 0.25 0.01875 0.028125
0 0.25625 0.34453125 0.059375 0.0296875
0 0.278125 0.40625 0.01875 0.021875
0 0.18515625 0.69921875 0.0171875 0.0265625
0 0.234375 0.5328125 0.0203125 0.0359375
0 0.29453125 0.525 0.01875 0.0296875
0 0.3515625 0.51015625 0.021875 0.0421875
0 0.45625 0.609375 0.021875 0.025
0 0.4703125 0.70234375 0.0203125 0.0265625
0 0.27265625 0.8578125 0.0859375 0.0421875