0 0.09140625 0.1140625 0.040625 0.015625
0 0.4 0.0734375 0.015625 0.015625
0 0.81171875 0.26953125 0.0109375 0.0203125
0 0.77265625 0.15546875 0.021875 0.015625
0 0.77421875 0.1828125 0.0234375 0.0171875
0 0.7765625 0.20390625 0.0234375 0.01875
0 0.7734375 0.2234375 0.015625 0.0140625
0 0.77421875 0.24375 0.015625 0.015625
0 0.7734375 0.2609375 0.0125 0.015625
0 0.775 0.2796875 0.0125 0.015625
0 0.7765625 0.29765625 0.0125 0.015625
0 0.7765625 0.315625 0.0140625 0.015625
0 0.778125 0.33359375 0.0125 0.015625
0 0.778125 0.35078125 0.0125 0.015625
0 0.78203125 0.36953125 0.01875 0.0171875
0 0.778125 0.38828125 0.0078125 0.0140625
0 0.78125 0.409375 0.0125 0.015625
0 0.7828125 0.42734375 0.0140625 0.0140625
0 0.784375 0.4453125 0.0125 0.015625
0 0.7578125 0.471875 0.0109375 0.01875
0 0.7453125 0.47265625 0.0109375 0.01875
0 0.73203125 0.47265625 0.0109375 0.01875
0 0.7203125 0.4734375 0.0109375 0.01875
0 0.6859375 0.47109375 0.009375 0.0109375
0 0.67265625 0.478125 0.0125 0.0234375
0 0.659375 0.4796875 0.0125 0.025
0 0.64609375 0.47734375 0.0109375 0.01875
0 0.63359375 0.478125 0.0109375 0.01875
0 0.56015625 0.484375 0.0109375 0.0234375
0 0.4875 0.48828125 0.0109375 0.0234375
0 0.3609375 0.49453125 0.0109375 0.0234375
0 0.34375 0.4953125 0.0109375 0.0234375
0 0.33046875 0.4953125 0.009375 0.0203125
0 0.2875 0.49765625 0.0109375 0.0203125
0 0.22265625 0.503125 0.0125 0.025
0 0.21015625 0.503125 0.0125 0.025
0 0.18984375 0.5046875 0.0125 0.025
0 0.17734375 0.5046875 0.0125 0.0234375
0 0.1640625 0.50625 0.0125 0.025
0 0.1515625 0.50546875 0.0109375 0.0234375
0 0.1390625 0.50625 0.0109375 0.0234375
0 0.12109375 0.50703125 0.0109375 0.021875
0 0.30078125 0.46875 0.0265625 0.040625
0 0.1140625 0.6796875 0.009375 0.0296875
0 0.115625 0.7484375 0.06875 0.040625
0 0.234375 0.71484375 0.03125 0.0296875
0 0.33046875 0.6953125 0.0109375 0.0171875
0 0.37109375 0.70078125 0.0171875 0.015625
0 0.396875 0.60078125 0.028125 0.03125
0 0.61171875 0.5796875 0.034375 0.0296875
0 0.6953125 0.575 0.0265625 0.0296875
0 0.63984375 0.71015625 0.0703125 0.0375
0 0.74765625 0.7140625 0.03125 0.03125