0 0.31796875 0.1171875 0.015625 0.0140625
0 0.2765625 0.14375 0.03125 0.0171875
0 0.20078125 0.1984375 0.0125 0.0234375
0 0.21953125 0.1953125 0.009375 0.0140625
0 0.03984375 0.27265625 0.0140625 0.0171875
0 0.0765625 0.18828125 0.0234375 0.01875
0 0.07890625 0.20625 0.0171875 0.0171875
0 0.07890625 0.2234375 0.01875 0.0171875
0 0.0734375 0.24296875 0.025 0.01875
0 0.0734375 0.26484375 0.0234375 0.0203125
0 0.071875 0.3 0.021875 0.01875
0 0.075 0.31953125 0.0109375 0.01875
0 0.07421875 0.34140625 0.0078125 0.0140625
0 0.0609375 0.3703125 0.03125 0.0171875
0 0.0984375 0.415625 0.0125 0.0390625
0 0.1203125 0.40859375 0.0140625 0.0203125
0 0.13671875 0.41015625 0.0109375 0.0203125
0 0.19140625 0.41015625 0.0125 0.015625
0 0.20625 0.41015625 0.0109375 0.0140625
0 0.23828125 0.41484375 0.0140625 0.0203125
0 0.25390625 0.415625 0.0125 0.0203125
0 0.3015625 0.41875 0.0125 0.0203125
0 0.31484375 0.41875 0.0125 0.0203125
0 0.3265625 0.41953125 0.0125 0.0203125
0 0.34921875 0.42109375 0.0125 0.0203125
0 0.38828125 0.425 0.0125 0.025
0 0.4015625 0.425 0.0125 0.0234375
0 0.41484375 0.4265625 0.0125 0.025
0 0.4625 0.4296875 0.0125 0.0265625
0 0.51875 0.43125 0.0125 0.0234375
0 0.55390625 0.40078125 0.040625 0.015625
0 0.5390625 0.58203125 0.04375 0.01875
0 0.225 0.57265625 0.01875 0.0171875
0 0.26015625 0.5953125 0.0125 0.0203125
0 0.2140625 0.66796875 0.0390625 0.0171875
0 0.48046875 0.67890625 0.01875 0.01875
0 0.525 0.68515625 0.0125 0.01875
0 0.1453125 0.54140625 0.06875 0.021875
0 0.040625 0.55703125 0.0109375 0.0375
0 0.0421875 0.86484375 0.0171875 0.0203125
0 0.04765625 0.846875 0.0078125 0.015625
0 0.06875 0.8234375 0.0109375 0.015625
0 0.0796875 0.8234375 0.0109375 0.015625
0 0.26484375 0.82890625 0.0125 0.0234375
0 0.31875 0.83125 0.0125 0.0265625