0 0.21328125 0.084375 0.0671875 0.0203125
0 0.3515625 0.08359375 0.02890625 0.015625
0 0.2796875 0.13515625 0.01015625 0.01328125
0 0.30234375 0.13515625 0.01015625 0.015625
0 0.07265625 0.15 0.01875 0.0125
0 0.078125 0.16640625 0.00859375 0.01171875
0 0.07734375 0.1875 0.00859375 0.01484375
0 0.0734375 0.20546875 0.01875 0.01640625
0 0.07578125 0.2640625 0.0125 0.01484375
0 0.075 0.28515625 0.0140625 0.01484375
0 0.07578125 0.3046875 0.0140625 0.01484375
0 0.07578125 0.328125 0.0140625 0.015625
0 0.07265625 0.34609375 0.0203125 0.01640625
0 0.07578125 0.36484375 0.0125 0.015625
0 0.075 0.38125 0.0140625 0.015625
0 0.07421875 0.4171875 0.0171875 0.015625
0 0.07109375 0.4765625 0.021875 0.0171875
0 0.0734375 0.49453125 0.01640625 0.01640625
0 0.0734375 0.51328125 0.01640625 0.015625
0 0.0734375 0.5296875 0.01796875 0.015625
0 0.07421875 0.54765625 0.0171875 0.015625
0 0.121875 0.578125 0.009375 0.0359375
0 0.15859375 0.57265625 0.0109375 0.02109375
0 0.171875 0.56640625 0.00859375 0.0078125
0 0.18359375 0.56796875 0.01015625 0.01171875
0 0.23203125 0.575 0.0109375 0.0265625
0 0.25 0.57109375 0.01015625 0.01953125
0 0.31015625 0.57109375 0.0109375 0.01953125
0 0.32265625 0.575 0.0109375 0.0265625
0 0.33984375 0.575 0.0109375 0.02734375
0 0.35234375 0.5734375 0.0109375 0.0234375
0 0.4125 0.5734375 0.01015625 0.0234375
0 0.44453125 0.57734375 0.0109375 0.03125
0 0.45703125 0.5734375 0.01015625 0.0234375
0 0.48515625 0.57265625 0.01015625 0.02265625
0 0.496875 0.57265625 0.01015625 0.02265625
0 0.51015625 0.578125 0.0109375 0.0328125
0 0.5671875 0.5625 0.03984375 0.01484375
0 0.57265625 0.33984375 0.009375 0.01953125
0 0.3453125 0.61796875 0.015625 0.01484375
0 0.15 0.6671875 0.0359375 0.01484375
0 0.07578125 0.7015625 0.01015625 0.03125
0 0.0890625 0.775 0.009375 0.01640625
0 0.28125 0.68828125 0.028125 0.0140625
0 0.5296875 0.671875 0.065625 0.01875
0 0.121875 0.825 0.00859375 0.01484375
0 0.2375 0.825 0.009375 0.01640625
0 0.2625 0.82265625 0.00859375 0.00859375
0 0.3234375 0.8265625 0.01015625 0.01875
0 0.34375 0.8265625 0.01015625 0.01953125
0 0.390625 0.82578125 0.01015625 0.01953125
0 0.73203125 0.23203125 0.01484375 0.09140625
0 0.64140625 0.3046875 0.0125 0.0140625
0 0.634375 0.36953125 0.01015625 0.02109375
0 0.721875 0.36953125 0.01015625 0.05703125
0 0.69609375 0.41640625 0.009375 0.02109375
0 0.6953125 0.43984375 0.0140625 0.0140625
0 0.625 0.45859375 0.009375 0.05625
0 0.70859375 0.54921875 0.01640625 0.10546875