0 0.0859375 0.33359375 0.0109375 0.0234375
0 0.0828125 0.621875 0.0265625 0.0375
0 0.1078125 0.65546875 0.009375 0.009375
0 0.134375 0.6578125 0.0109375 0.0140625
0 0.28203125 0.66484375 0.009375 0.0203125
0 0.3265625 0.67421875 0.0140625 0.03125
0 0.37109375 0.675 0.0125 0.0328125
0 0.41484375 0.67109375 0.009375 0.01875
0 0.56328125 0.6765625 0.009375 0.01875
0 0.3421875 0.70234375 0.015625 0.0140625
0 0.63515625 0.615625 0.0078125 0.0140625
0 0.63828125 0.578125 0.0109375 0.0140625
0 0.64921875 0.41015625 0.0203125 0.0171875
0 0.64921875 0.38203125 0.01875 0.0140625
0 0.6515625 0.3375 0.021875 0.015625
0 0.6546875 0.2984375 0.0234375 0.0171875
0 0.6546875 0.14453125 0.0140625 0.0140625
0 0.2921875 0.821875 0.03125 0.015625
0 0.07734375 0.8171875 0.0109375 0.0359375