0 0.11875 0.096875 0.0390625 0.0140625
0 0.41953125 0.0734375 0.01484375 0.01484375
0 0.80859375 0.284375 0.009375 0.01875
0 0.7765625 0.171875 0.02109375 0.01484375
0 0.7765625 0.1984375 0.02109375 0.015625
0 0.7765625 0.21875 0.021875 0.01640625
0 0.7734375 0.2375 0.01484375 0.0140625
0 0.7734375 0.25703125 0.01484375 0.0140625
0 0.771875 0.27421875 0.0109375 0.01484375
0 0.771875 0.2921875 0.0125 0.01484375
0 0.771875 0.309375 0.0125 0.01484375
0 0.771875 0.3265625 0.0125 0.01484375
0 0.771875 0.34375 0.0125 0.0140625
0 0.771875 0.3609375 0.0125 0.01484375
0 0.77421875 0.3796875 0.0171875 0.015625
0 0.76953125 0.39765625 0.00703125 0.0140625
0 0.77109375 0.41796875 0.01171875 0.01484375
0 0.771875 0.43515625 0.0125 0.0140625
0 0.771875 0.45234375 0.0125 0.01484375
0 0.7453125 0.4765625 0.009375 0.0171875
0 0.7328125 0.4765625 0.00859375 0.0171875
0 0.7203125 0.4765625 0.009375 0.0171875
0 0.70859375 0.4765625 0.009375 0.0171875
0 0.6765625 0.4734375 0.00859375 0.01015625
0 0.6625 0.4796875 0.0109375 0.02265625
0 0.65 0.4796875 0.0109375 0.0234375
0 0.63671875 0.4765625 0.01015625 0.0171875
0 0.62421875 0.4765625 0.01015625 0.0171875
0 0.55390625 0.47890625 0.009375 0.021875
0 0.4828125 0.4796875 0.009375 0.02265625
0 0.36015625 0.4796875 0.009375 0.02265625
0 0.34375 0.4796875 0.01015625 0.02265625
0 0.33125 0.478125 0.00859375 0.01953125
0 0.2890625 0.478125 0.009375 0.01953125
0 0.22578125 0.4796875 0.01015625 0.0234375
0 0.21328125 0.4796875 0.0109375 0.0234375
0 0.19375 0.4796875 0.01015625 0.0234375
0 0.18203125 0.4796875 0.01015625 0.02265625
0 0.16953125 0.4796875 0.01015625 0.0234375
0 0.15703125 0.4796875 0.01015625 0.02265625
0 0.1453125 0.4796875 0.009375 0.02265625
0 0.1265625 0.47890625 0.01015625 0.02109375
0 0.303125 0.45078125 0.0234375 0.03828125
0 0.11171875 0.64609375 0.0078125 0.02890625
0 0.11015625 0.7125 0.065625 0.03515625
0 0.2265625 0.6859375 0.0296875 0.028125
0 0.3203125 0.67109375 0.00859375 0.01640625
0 0.36015625 0.67890625 0.01640625 0.0140625
0 0.3890625 0.58359375 0.02578125 0.0296875
0 0.5984375 0.5734375 0.0328125 0.02734375
0 0.68046875 0.57421875 0.025 0.02734375
0 0.61953125 0.7015625 0.06640625 0.03359375
0 0.7234375 0.7109375 0.0296875 0.028125