0 0.10546875 0.3640625 0.009375 0.021875
0 0.11171875 0.6453125 0.025 0.034375
0 0.1375 0.6765625 0.009375 0.009375
0 0.16328125 0.678125 0.009375 0.0140625
0 0.3078125 0.68046875 0.009375 0.01875
0 0.35078125 0.6875 0.0125 0.03125
0 0.39453125 0.6875 0.0125 0.03125
0 0.43671875 0.68203125 0.009375 0.01875
0 0.58203125 0.68125 0.009375 0.01875
0 0.3671875 0.71484375 0.015625 0.0125
0 0.65 0.6203125 0.0078125 0.0140625
0 0.6515625 0.58359375 0.009375 0.0140625
0 0.65625 0.41875 0.01875 0.015625
0 0.65546875 0.39140625 0.01875 0.0140625
0 0.65625 0.3484375 0.021875 0.015625
0 0.6578125 0.3109375 0.021875 0.015625
0 0.653125 0.16015625 0.0140625 0.0140625
0 0.32265625 0.8328125 0.03125 0.0140625
0 0.11328125 0.83515625 0.009375 0.034375