0 0.3390625 0.08828125 0.01640625 0.0203125
0 0.134375 0.284375 0.01640625 0.021875
0 0.190625 0.409375 0.05625 0.02109375
0 0.16796875 0.23359375 0.01875 0.0203125
0 0.171875 0.18359375 0.0109375 0.01875
0 0.2203125 0.128125 0.0125 0.01484375
0 0.26328125 0.12734375 0.0125 0.01484375
0 0.41484375 0.12421875 0.0125 0.02109375
0 0.25859375 0.5203125 0.01171875 0.01953125
0 0.3390625 0.5140625 0.03046875 0.0234375
0 0.4609375 0.51875 0.05 0.021875
0 0.51328125 0.56875 0.01875 0.05078125
0 0.18359375 0.6734375 0.0125 0.0265625
0 0.1640625 0.66328125 0.0140625 0.021875
0 0.26328125 0.7921875 0.02109375 0.01875
0 0.3390625 0.78828125 0.03046875 0.021875
0 0.41484375 0.75703125 0.015625 0.021875
0 0.4859375 0.70234375 0.015625 0.0390625