0 0.4296875 0.23515625 0.0328125 0.0453125
0 0.52578125 0.18203125 0.0328125 0.0453125
0 0.5203125 0.2421875 0.034375 0.0453125
0 0.515625 0.2953125 0.0328125 0.0453125
0 0.5109375 0.34609375 0.034375 0.0453125
0 0.753125 0.31484375 0.034375 0.046875
0 0.7484375 0.3671875 0.034375 0.0453125
0 0.09921875 0.35859375 0.034375 0.0453125
0 0.140625 0.36171875 0.034375 0.0453125
0 0.1984375 0.37265625 0.034375 0.0453125
0 0.3234375 0.46015625 0.034375 0.0453125
0 0.36796875 0.4640625 0.034375 0.0453125
0 0.41328125 0.46796875 0.034375 0.0453125
0 0.44765625 0.47109375 0.034375 0.0453125
0 0.5203125 0.47734375 0.034375 0.0453125
0 0.559375 0.48125 0.034375 0.0453125
0 0.6078125 0.48515625 0.034375 0.0453125
0 0.1140625 0.6640625 0.034375 0.0453125
0 0.11015625 0.71015625 0.034375 0.0453125
0 0.10625 0.75078125 0.034375 0.0453125
0 0.10234375 0.80078125 0.034375 0.0453125
0 0.09765625 0.84921875 0.034375 0.0453125
0 0.09375 0.909375 0.034375 0.0453125
0 0.14921875 0.9140625 0.034375 0.0453125
0 0.19453125 0.91796875 0.034375 0.0453125
0 0.24375 0.921875 0.034375 0.0453125
0 0.32734375 0.9296875 0.034375 0.0453125
0 0.36796875 0.9328125 0.034375 0.0453125
0 0.41796875 0.9375 0.034375 0.0453125