0 0.25390625 0.09140625 0.021875 0.0203125
0 0.396875 0.1125 0.0640625 0.025
0 0.409375 0.16953125 0.0203125 0.0234375
0 0.409375 0.27890625 0.015625 0.0234375
0 0.4078125 0.3078125 0.0109375 0.0234375
0 0.10234375 0.23515625 0.015625 0.025
0 0.16015625 0.37890625 0.0140625 0.015625
0 0.1875 0.38515625 0.0171875 0.025
0 0.3421875 0.38046875 0.0171875 0.0265625
0 0.3953125 0.5171875 0.0578125 0.025
0 0.10078125 0.61875 0.0140625 0.025
0 0.13671875 0.63515625 0.01875 0.05
0 0.21875 0.7375 0.0421875 0.0265625
0 0.32734375 0.753125 0.059375 0.025
0 0.328125 0.803125 0.0703125 0.03125
0 0.35234375 0.6703125 0.0234375 0.021875
0 0.403125 0.66328125 0.015625 0.028125
0 0.31875 0.66484375 0.040625 0.0578125