0 0.1765625 0.259375 0.0140625 0.025
0 0.18046875 0.1890625 0.021875 0.02109375
0 0.14375 0.2140625 0.0140625 0.02265625
0 0.21875 0.134375 0.03125 0.01875
0 0.26953125 0.0984375 0.01796875 0.02109375
0 0.31953125 0.103125 0.01484375 0.015625
0 0.359375 0.16015625 0.01328125 0.0421875
0 0.359375 0.25 0.0125 0.0171875
0 0.3890625 0.23125 0.01328125 0.02421875
0 0.2609375 0.29765625 0.05078125 0.0203125
0 0.271875 0.35546875 0.0140625 0.0171875
0 0.14765625 0.603125 0.01171875 0.021875
0 0.21484375 0.46171875 0.0140625 0.0296875
0 0.26953125 0.46328125 0.0140625 0.025
0 0.32265625 0.4578125 0.0140625 0.0359375
0 0.4015625 0.56171875 0.0171875 0.01953125
0 0.40078125 0.6453125 0.015625 0.02109375
0 0.203125 0.75546875 0.07421875 0.0265625