0 0.05625 0.16171875 0.040625 0.0203125
0 0.3515625 0.09140625 0.0171875 0.0171875
0 0.77109375 0.23984375 0.0125 0.0203125
0 0.721875 0.13359375 0.0234375 0.0171875
0 0.72578125 0.15859375 0.0234375 0.01875
0 0.72890625 0.1796875 0.0234375 0.0203125
0 0.72890625 0.1984375 0.0171875 0.015625
0 0.73203125 0.21875 0.0171875 0.015625
0 0.73359375 0.23515625 0.0125 0.015625
0 0.7359375 0.25390625 0.0140625 0.0171875
0 0.7390625 0.27109375 0.0140625 0.0171875
0 0.74140625 0.2875 0.0140625 0.0171875
0 0.74453125 0.3046875 0.0140625 0.015625
0 0.746875 0.321875 0.0140625 0.0171875
0 0.75234375 0.3390625 0.0203125 0.01875
0 0.75078125 0.35859375 0.009375 0.015625
0 0.75546875 0.378125 0.0140625 0.0171875
0 0.75859375 0.39609375 0.0140625 0.015625
0 0.7609375 0.41171875 0.0140625 0.0171875
0 0.7390625 0.440625 0.0125 0.01875
0 0.7265625 0.44296875 0.0109375 0.01875
0 0.7140625 0.44453125 0.0125 0.01875
0 0.70234375 0.446875 0.0125 0.01875
0 0.66953125 0.44765625 0.009375 0.0109375
0 0.65703125 0.45625 0.0140625 0.0234375
0 0.64453125 0.45859375 0.0140625 0.025
0 0.63125 0.4578125 0.0125 0.01875
0 0.61875 0.46015625 0.0125 0.01875
0 0.5484375 0.4734375 0.0125 0.0234375
0 0.47890625 0.484375 0.0125 0.0234375
0 0.35625 0.50390625 0.0125 0.0234375
0 0.340625 0.50625 0.0140625 0.0234375
0 0.328125 0.5078125 0.0109375 0.0203125
0 0.2859375 0.5140625 0.0125 0.0203125
0 0.2234375 0.52578125 0.0140625 0.025
0 0.2109375 0.52734375 0.0140625 0.025
0 0.19140625 0.53046875 0.0140625 0.025
0 0.1796875 0.53203125 0.0140625 0.0234375
0 0.1671875 0.534375 0.0140625 0.025
0 0.15546875 0.5359375 0.0140625 0.0234375
0 0.14296875 0.5375 0.0125 0.0234375
0 0.125 0.53984375 0.0140625 0.021875
0 0.29609375 0.48515625 0.0296875 0.0421875
0 0.13671875 0.7078125 0.0125 0.0296875
0 0.14453125 0.77421875 0.0703125 0.0453125
0 0.25625 0.7296875 0.034375 0.0328125
0 0.34765625 0.70078125 0.0109375 0.01875
0 0.38828125 0.70234375 0.01875 0.0171875
0 0.40234375 0.603125 0.0296875 0.0328125
0 0.60859375 0.559375 0.0359375 0.0328125
0 0.6890625 0.54765625 0.0296875 0.03125
0 0.64921875 0.68359375 0.0703125 0.04375
0 0.75390625 0.6765625 0.034375 0.0328125