0 0.26953125 0.05078125 0.071875 0.03125
0 0.4125 0.0703125 0.0328125 0.0203125
0 0.33125 0.11328125 0.0125 0.0140625
0 0.35390625 0.11640625 0.0125 0.0171875
0 0.11484375 0.09765625 0.021875 0.015625
0 0.11875 0.11640625 0.0109375 0.0140625
0 0.11484375 0.13828125 0.0109375 0.0171875
0 0.10703125 0.15625 0.021875 0.0203125
0 0.1015625 0.2171875 0.015625 0.0171875
0 0.0984375 0.23828125 0.0171875 0.0171875
0 0.09609375 0.25859375 0.015625 0.0171875
0 0.09296875 0.2828125 0.015625 0.0171875
0 0.08671875 0.3015625 0.0234375 0.0203125
0 0.0875 0.3203125 0.015625 0.01875
0 0.084375 0.3375 0.015625 0.01875
0 0.078125 0.37421875 0.0203125 0.01875
0 0.06640625 0.4359375 0.025 0.0203125
0 0.06640625 0.4546875 0.01875 0.01875
0 0.06328125 0.4734375 0.01875 0.01875
0 0.0609375 0.490625 0.0203125 0.01875
0 0.059375 0.509375 0.0203125 0.01875
0 0.1046875 0.54765625 0.015625 0.0390625
0 0.14296875 0.54765625 0.0140625 0.0234375
0 0.15703125 0.54296875 0.0109375 0.009375
0 0.16953125 0.546875 0.0125 0.0140625
0 0.21875 0.5609375 0.0140625 0.0296875
0 0.23671875 0.559375 0.0140625 0.021875
0 0.29921875 0.56796875 0.0140625 0.021875
0 0.3125 0.5734375 0.015625 0.0296875
0 0.32890625 0.5765625 0.015625 0.0296875
0 0.3421875 0.5765625 0.0140625 0.025
0 0.40546875 0.58515625 0.0140625 0.025
0 0.4375 0.59375 0.015625 0.0328125
0 0.45 0.59140625 0.0140625 0.025
0 0.4796875 0.5953125 0.0140625 0.025
0 0.4921875 0.596875 0.0140625 0.025
0 0.50546875 0.60390625 0.015625 0.034375
0 0.56640625 0.59609375 0.04375 0.0203125
0 0.60390625 0.3671875 0.0125 0.021875
0 0.328125 0.62109375 0.01875 0.0171875
0 0.1203125 0.64375 0.0390625 0.0203125
0 0.03828125 0.66796875 0.0140625 0.034375
0 0.04140625 0.74609375 0.0109375 0.01875
0 0.25234375 0.684375 0.03125 0.01875
0 0.5109375 0.703125 0.0703125 0.0296875
0 0.06796875 0.803125 0.0109375 0.0171875
0 0.1875 0.81953125 0.0125 0.01875
0 0.21328125 0.8203125 0.009375 0.009375
0 0.27578125 0.8328125 0.0140625 0.0203125
0 0.296875 0.83671875 0.0140625 0.021875
0 0.3453125 0.84296875 0.0140625 0.021875
0 0.784375 0.27890625 0.028125 0.096875
0 0.6796875 0.340625 0.015625 0.0171875
0 0.6640625 0.40703125 0.0125 0.0234375
0 0.753125 0.41953125 0.01875 0.0609375
0 0.71953125 0.4640625 0.0125 0.0234375
0 0.715625 0.4875 0.0171875 0.015625
0 0.640625 0.49765625 0.0171875 0.059375
0 0.71328125 0.603125 0.0328125 0.1109375