0 0.11015625 0.36875 0.009375 0.021875
0 0.1171875 0.64609375 0.025 0.034375
0 0.14296875 0.67734375 0.009375 0.00859375
0 0.16875 0.67890625 0.01015625 0.0140625
0 0.3109375 0.68125 0.00859375 0.01875
0 0.35390625 0.68828125 0.0125 0.03046875
0 0.396875 0.68828125 0.0109375 0.03125
0 0.4390625 0.6828125 0.00859375 0.01796875
0 0.5828125 0.68203125 0.00859375 0.01796875
0 0.3703125 0.71484375 0.01484375 0.01328125
0 0.64921875 0.621875 0.00703125 0.0140625
0 0.6515625 0.5859375 0.009375 0.0140625
0 0.65625 0.42265625 0.01875 0.01640625
0 0.65546875 0.3953125 0.0171875 0.0140625
0 0.65625 0.35234375 0.02109375 0.01484375
0 0.6578125 0.315625 0.021875 0.01640625
0 0.65234375 0.16640625 0.0140625 0.0140625
0 0.32578125 0.83203125 0.03046875 0.0140625
0 0.11875 0.834375 0.009375 0.03359375