0 0.13125 0.29453125 0.0171875 0.0265625
0 0.1265625 0.221875 0.025 0.025
0 0.0921875 0.25234375 0.0171875 0.025
0 0.159375 0.1609375 0.034375 0.0234375
0 0.20625 0.11796875 0.021875 0.0234375
0 0.25859375 0.11640625 0.0171875 0.01875
0 0.30625 0.1703125 0.01875 0.0453125
0 0.3171875 0.26171875 0.015625 0.01875
0 0.34609375 0.23984375 0.0171875 0.0265625
0 0.22265625 0.3234375 0.0546875 0.0265625
0 0.240625 0.38046875 0.0171875 0.0203125
0 0.1453125 0.65 0.0140625 0.0234375
0 0.196875 0.49609375 0.01875 0.0328125
0 0.25234375 0.4921875 0.0171875 0.0265625
0 0.30625 0.47890625 0.01875 0.0375
0 0.4 0.575 0.0203125 0.021875
0 0.409375 0.66171875 0.01875 0.0234375
0 0.221875 0.79921875 0.0796875 0.0359375