0 0.16484375 0.16796875 0.0890625 0.0390625
0 0.265625 0.13359375 0.18046875 0.03046875
0 0.2671875 0.1671875 0.12421875 0.0390625
0 0.14375 0.28671875 0.02265625 0.14921875
0 0.3890625 0.340625 0.01875 0.03984375
0 0.47734375 0.2328125 0.02265625 0.04140625
0 0.590625 0.303125 0.02265625 0.115625
0 0.5484375 0.396875 0.03984375 0.03203125
0 0.53125 0.43984375 0.07421875 0.0265625
0 0.2421875 0.390625 0.075 0.0328125
0 0.1125 0.50703125 0.03046875 0.10078125
0 0.375 0.61015625 0.0203125 0.05546875
0 0.30625 0.69375 0.015625 0.03984375
0 0.2265625 0.69375 0.0171875 0.03671875
0 0.17890625 0.67421875 0.01015625 0.02421875