0 0.4265625 0.26015625 0.02734375 0.03984375
0 0.51171875 0.203125 0.028125 0.0390625
0 0.5109375 0.26015625 0.028125 0.0390625
0 0.51171875 0.309375 0.028125 0.03984375
0 0.5109375 0.3578125 0.028125 0.03984375
0 0.73515625 0.30859375 0.02890625 0.04140625
0 0.73515625 0.3578125 0.028125 0.03984375
0 0.12734375 0.40234375 0.028125 0.03984375
0 0.16640625 0.40234375 0.028125 0.03984375
0 0.22109375 0.4078125 0.028125 0.03984375
0 0.3453125 0.47890625 0.028125 0.03984375
0 0.3875 0.47890625 0.028125 0.03984375
0 0.43046875 0.47890625 0.028125 0.03984375
0 0.4625 0.47890625 0.02890625 0.03984375
0 0.53046875 0.47890625 0.028125 0.03984375
0 0.56796875 0.47890625 0.02890625 0.03984375
0 0.61328125 0.47890625 0.02890625 0.03984375
0 0.165625 0.68671875 0.028125 0.03984375
0 0.165625 0.7296875 0.028125 0.03984375
0 0.165625 0.76875 0.028125 0.03984375
0 0.165625 0.815625 0.028125 0.03984375
0 0.165625 0.8609375 0.028125 0.03984375
0 0.1671875 0.91796875 0.028125 0.03984375
0 0.2203125 0.91796875 0.028125 0.03984375
0 0.2625 0.91796875 0.028125 0.03984375
0 0.30859375 0.91796875 0.02890625 0.03984375
0 0.3875 0.91796875 0.028125 0.03984375
0 0.42578125 0.91796875 0.028125 0.03984375
0 0.47265625 0.91796875 0.028125 0.03984375