0 0.25078125 0.06640625 0.0171875 0.0140625
0 0.20859375 0.0984375 0.034375 0.015625
0 0.13046875 0.1625 0.0125 0.025
0 0.15078125 0.1578125 0.0109375 0.0140625
0 0.00390625 0.159375 0.0078125 0.01875
0 0.0046875 0.17890625 0.009375 0.0171875
0 0.0046875 0.19765625 0.009375 0.0171875
0 0.00546875 0.21875 0.0109375 0.01875
0 0.00546875 0.24140625 0.0109375 0.0203125
0 0.0046875 0.2796875 0.009375 0.01875
0 0.0046875 0.3015625 0.009375 0.01875
0 0.00546875 0.32578125 0.009375 0.015625
0 0.0046875 0.35703125 0.009375 0.0171875
0 0.0375 0.403125 0.0109375 0.0421875
0 0.06171875 0.39453125 0.0140625 0.021875
0 0.07890625 0.39375 0.0109375 0.021875
0 0.13671875 0.38984375 0.0140625 0.015625
0 0.153125 0.3890625 0.0109375 0.0140625
0 0.18828125 0.3921875 0.0140625 0.021875
0 0.2046875 0.3921875 0.0125 0.021875
0 0.25546875 0.390625 0.0125 0.021875
0 0.2703125 0.390625 0.0125 0.021875
0 0.28359375 0.390625 0.0125 0.021875
0 0.30703125 0.38984375 0.0125 0.021875
0 0.34921875 0.39140625 0.0125 0.0265625
0 0.3640625 0.390625 0.0125 0.025
0 0.378125 0.39140625 0.0125 0.0265625
0 0.4296875 0.39140625 0.0125 0.028125
0 0.48984375 0.38828125 0.0125 0.025
0 0.52578125 0.353125 0.04375 0.0140625
0 0.52265625 0.5484375 0.0453125 0.01875
0 0.184375 0.56171875 0.01875 0.0171875
0 0.22421875 0.58359375 0.0125 0.021875
0 0.18125 0.665625 0.040625 0.0171875
0 0.46640625 0.65703125 0.01875 0.01875
0 0.515625 0.6609375 0.0125 0.0203125
0 0.096875 0.53515625 0.0734375 0.0203125
0 0.01328125 0.8890625 0.0125 0.0203125
0 0.01484375 0.8703125 0.009375 0.015625
0 0.0359375 0.8421875 0.0125 0.015625
0 0.0484375 0.8421875 0.0125 0.015625
0 0.24609375 0.834375 0.0125 0.025
0 0.30546875 0.8328125 0.0140625 0.028125