0 0.38828125 0.078125 0.0203125 0.02109375
0 0.6015625 0.0921875 0.0578125 0.02109375
0 0.17109375 0.1453125 0.02421875 0.0203125
0 0.17890625 0.19296875 0.00859375 0.015625
0 0.13671875 0.19375 0.0140625 0.01875
0 0.17109375 0.2390625 0.0234375 0.01953125
0 0.17265625 0.26640625 0.0203125 0.015625
0 0.209375 0.309375 0.0140625 0.02109375
0 0.228125 0.31015625 0.01171875 0.02109375
0 0.32265625 0.3046875 0.01328125 0.01171875
0 0.38828125 0.31015625 0.01171875 0.02109375
0 0.45390625 0.31171875 0.01171875 0.025
0 0.5546875 0.31328125 0.01171875 0.02734375
0 0.17578125 0.3828125 0.09609375 0.02734375
0 0.1609375 0.5171875 0.01484375 0.04375
0 0.25234375 0.446875 0.01015625 0.0125
0 0.2578125 0.51953125 0.05 0.02109375
0 0.35625 0.52578125 0.01640625 0.0171875
0 0.51953125 0.525 0.096875 0.02734375
0 0.578125 0.45390625 0.009375 0.0109375
0 0.5046875 0.40546875 0.040625 0.04296875