0 0.2 0.7953125 0.0140625 0.021875
0 0.2296875 0.803125 0.0140625 0.0171875
0 0.271875 0.8046875 0.0140625 0.021875
0 0.32109375 0.8046875 0.015625 0.0265625
0 0.36875 0.80234375 0.015625 0.025
0 0.4171875 0.68515625 0.0140625 0.0171875
0 0.15390625 0.675 0.0125 0.01875
0 0.2703125 0.57578125 0.0171875 0.0171875
0 0.2953125 0.51328125 0.015625 0.01875
0 0.41484375 0.4640625 0.05625 0.0203125
0 0.11484375 0.3296875 0.0140625 0.0203125
0 0.13671875 0.29375 0.015625 0.0234375
0 0.203125 0.18984375 0.015625 0.01875
0 0.3953125 0.2515625 0.0140625 0.0203125
0 0.43828125 0.26328125 0.015625 0.03125
0 0.3859375 0.13984375 0.040625 0.01875
0 0.18828125 0.12265625 0.0953125 0.0296875