0 0.35546875 0.01484375 0.025 0.0171875
0 0.23984375 0.05859375 0.04375 0.0203125
0 0.228125 0.1390625 0.0140625 0.01875
0 0.2078125 0.14453125 0.0140625 0.021875
0 0.0015625 0.2390625 0.003125 0.021875
0 0.0234375 0.18125 0.015625 0.0203125
0 0.02734375 0.2921875 0.0203125 0.021875
0 0.090625 0.39296875 0.015625 0.0171875
0 0.665625 0.37109375 0.0171875 0.0359375
0 0.04765625 0.4859375 0.05625 0.0234375
0 0.0109375 0.5703125 0.015625 0.0203125
0 0.0421875 0.615625 0.01875 0.0328125
0 0.17578125 0.64453125 0.015625 0.028125
0 0.30546875 0.6375 0.0171875 0.028125
0 0.47109375 0.6328125 0.0171875 0.0359375
0 0.6015625 0.625 0.0171875 0.034375