0 0.19140625 0.784375 0.01328125 0.02109375
0 0.22109375 0.79375 0.0140625 0.015625
0 0.2625 0.79609375 0.0140625 0.02109375
0 0.31015625 0.79765625 0.0140625 0.02578125
0 0.3578125 0.79765625 0.0140625 0.025
0 0.409375 0.68359375 0.0140625 0.01640625
0 0.15 0.6640625 0.0125 0.01796875
0 0.26875 0.57109375 0.01640625 0.015625
0 0.2953125 0.51015625 0.01484375 0.01796875
0 0.41484375 0.465625 0.0546875 0.01875
0 0.1234375 0.3234375 0.01328125 0.01953125
0 0.14609375 0.2890625 0.01484375 0.021875
0 0.21484375 0.1890625 0.015625 0.01875
0 0.40234375 0.25703125 0.01328125 0.01953125
0 0.44453125 0.26953125 0.0140625 0.03046875
0 0.396875 0.14609375 0.0390625 0.01796875
0 0.203125 0.12265625 0.09296875 0.025