0 0.25625 0.05703125 0.05546875 0.01875
0 0.17734375 0.196875 0.0125 0.02265625
0 0.4 0.37734375 0.01875 0.0171875
0 0.27734375 0.2140625 0.034375 0.04296875
0 0.63671875 0.07265625 0.01640625 0.01875
0 0.63984375 0.0984375 0.0234375 0.01796875
0 0.6375 0.125 0.0171875 0.01875
0 0.640625 0.15078125 0.02578125 0.021875
0 0.64140625 0.18046875 0.0265625 0.021875
0 0.6375 0.20703125 0.01796875 0.02109375
0 0.6390625 0.23203125 0.021875 0.0171875
0 0.634375 0.259375 0.01015625 0.01953125
0 0.634375 0.284375 0.0109375 0.0203125
0 0.59296875 0.3390625 0.01484375 0.03359375
0 0.57421875 0.34453125 0.015625 0.0453125
0 0.55625 0.33671875 0.0109375 0.0265625
0 0.528125 0.34453125 0.01484375 0.0453125
0 0.221875 0.3296875 0.01484375 0.01640625
0 0.2390625 0.3328125 0.0140625 0.02265625
0 0.25703125 0.340625 0.015625 0.0375
0 0.27578125 0.33203125 0.0109375 0.01796875
0 0.2953125 0.340625 0.01640625 0.03828125
0 0.1953125 0.43359375 0.05 0.0203125
0 0.303125 0.43671875 0.03828125 0.01875
0 0.25546875 0.53671875 0.02109375 0.01875
0 0.17890625 0.5375 0.0125 0.0234375
0 0.6046875 0.46796875 0.01171875 0.04296875