0 0.15703125 0.00859375 0.0234375 0.0171875
0 0.15625 0.02734375 0.0171875 0.0171875
0 0.15234375 0.04921875 0.0171875 0.01875
0 0.14609375 0.084375 0.0171875 0.015625
0 0.140625 0.1015625 0.021875 0.0171875
0 0.134375 0.153125 0.0171875 0.0171875
0 0.12890625 0.175 0.0203125 0.01875
0 0.12890625 0.19453125 0.015625 0.0171875
0 0.12265625 0.21171875 0.021875 0.01875
0 0.11796875 0.23046875 0.0234375 0.0171875
0 0.11875 0.24921875 0.0140625 0.015625
0 0.115625 0.2671875 0.0140625 0.015625
0 0.109375 0.284375 0.0203125 0.0171875
0 0.109375 0.303125 0.015625 0.0171875
0 0.1015625 0.3203125 0.0234375 0.0171875
0 0.10234375 0.34453125 0.0140625 0.015625
0 0.096875 0.36171875 0.01875 0.0171875
0 0.08203125 0.446875 0.01875 0.0171875
0 0.08046875 0.46953125 0.0140625 0.015625
0 0.0765625 0.4921875 0.0140625 0.015625
0 0.071875 0.51484375 0.0140625 0.015625
0 0.06484375 0.534375 0.021875 0.01875
0 0.059375 0.5578125 0.025 0.015625
0 0.08671875 0.28125 0.0125 0.0234375
0 0.6328125 0.62265625 0.015625 0.0328125
0 0.60078125 0.7078125 0.01875 0.0359375
0 0.58984375 0.70234375 0.0140625 0.025
0 0.575 0.70390625 0.0171875 0.034375
0 0.56328125 0.69765625 0.015625 0.025
0 0.5515625 0.6953125 0.0140625 0.025
0 0.5390625 0.69296875 0.015625 0.025
0 0.484375 0.6828125 0.0140625 0.025
0 0.471875 0.68046875 0.0140625 0.025
0 0.4234375 0.671875 0.0140625 0.025
0 0.396875 0.6671875 0.0140625 0.025
0 0.38125 0.66484375 0.0140625 0.025
0 0.3671875 0.6671875 0.0171875 0.034375
0 0.3546875 0.6671875 0.01875 0.0390625
0 0.32890625 0.65546875 0.0140625 0.025
0 0.30625 0.65625 0.0171875 0.034375
0 0.2921875 0.65390625 0.015625 0.034375
0 0.2390625 0.6375 0.0125 0.0203125
0 0.18984375 0.6328125 0.0140625 0.028125
0 0.1765625 0.63359375 0.0171875 0.034375
0 0.134375 0.62578125 0.0171875 0.034375
0 0.11796875 0.61953125 0.015625 0.028125
0 0.1046875 0.621875 0.0140625 0.0359375
0 0.35 0.6953125 0.015625 0.015625
0 0.09453125 0.6953125 0.0265625 0.0328125
0 0.05 0.74453125 0.015625 0.0359375
0 0.0453125 0.80859375 0.034375 0.0203125
0 0.18046875 0.82734375 0.0734375 0.03125
0 0.35390625 0.86484375 0.05 0.0296875
0 0.48828125 0.8765625 0.0671875 0.03125
0 0.5609375 0.884375 0.015625 0.015625
0 0.58984375 0.82890625 0.0125 0.01875
0 0.61328125 0.78046875 0.0421875 0.021875
0 0.49140625 0.765625 0.03125 0.0203125
0 0.76484375 0.3375 0.0375 0.0203125
0 0.93515625 0.36953125 0.0296875 0.0203125