0 0.29921875 0.04375 0.0484375 0.0671875
0 0.0953125 0.121875 0.025 0.1046875
0 0.09609375 0.22421875 0.0234375 0.1203125
0 0.234375 0.115625 0.0234375 0.1140625
0 0.19765625 0.30546875 0.1015625 0.0421875
0 0.3046875 0.33046875 0.1453125 0.0375
0 0.43203125 0.2671875 0.0203125 0.06875
0 0.278125 0.25 0.0453125 0.0625
0 0.62890625 0.034375 0.0484375 0.06875
0 0.63984375 0.03671875 0.0265625 0.0421875
0 0.73125 0.075 0.0359375 0.025
0 0.7296875 0.103125 0.03125 0.025
0 0.7296875 0.13125 0.0296875 0.021875
0 0.7296875 0.27421875 0.0265625 0.025
0 0.61484375 0.23671875 0.0453125 0.06875
0 0.203125 0.4828125 0.059375 0.096875
0 0.18359375 0.51953125 0.025 0.0890625
0 0.23984375 0.4953125 0.059375 0.05
0 0.29453125 0.48203125 0.0421875 0.0390625
0 0.3890625 0.4875 0.0546875 0.040625
0 0.1265625 0.546875 0.0265625 0.1109375
0 0.44453125 0.615625 0.0296875 0.2046875
0 0.41953125 0.52890625 0.0296875 0.028125
0 0.41953125 0.56015625 0.0296875 0.0265625
0 0.4203125 0.65703125 0.0265625 0.0265625
0 0.41953125 0.68515625 0.0234375 0.028125
0 0.4171875 0.71328125 0.021875 0.021875
0 0.1921875 0.72109375 0.025 0.0890625
0 0.23046875 0.75234375 0.015625 0.03125
0 0.24921875 0.75703125 0.01875 0.034375
0 0.26875 0.76171875 0.01875 0.0453125
0 0.36640625 0.7625 0.01875 0.05
0 0.3875 0.7625 0.0203125 0.0484375
0 0.31328125 0.82265625 0.171875 0.0375