0 0.5234375 0.015625 0.0640625 0.025
0 0.503125 0.1875 0.015625 0.03125
0 0.45234375 0.33203125 0.015625 0.021875
0 0.47109375 0.32734375 0.0109375 0.0140625
0 0.4328125 0.3296875 0.0140625 0.0203125
0 0.36171875 0.32578125 0.0140625 0.0203125
0 0.34296875 0.33046875 0.015625 0.03125
0 0.325 0.32421875 0.0140625 0.0203125
0 0.30546875 0.328125 0.015625 0.03125
0 0.22890625 0.325 0.015625 0.0328125
0 0.21015625 0.32265625 0.015625 0.0296875
0 0.1921875 0.32421875 0.0171875 0.0359375
0 0.1734375 0.3203125 0.015625 0.028125
0 0.1203125 0.31796875 0.0140625 0.0296875
0 0.09921875 0.31875 0.0171875 0.034375
0 0.27265625 0.37109375 0.0234375 0.0203125
0 0.12421875 0.43984375 0.0578125 0.025
0 0.11171875 0.55546875 0.0234375 0.021875
0 0.13046875 0.53671875 0.0140625 0.025
0 0.2453125 0.5609375 0.04375 0.021875
0 0.04765625 0.05859375 0.0171875 0.021875
0 0.04375 0.0859375 0.01875 0.021875
0 0.03671875 0.11328125 0.028125 0.025
0 0.03515625 0.146875 0.0296875 0.0265625
0 0.03984375 0.17578125 0.0171875 0.0234375
0 0.034375 0.20234375 0.0234375 0.0203125
0 0.03828125 0.23125 0.0140625 0.021875
0 0.0390625 0.25859375 0.009375 0.01875
0 0.3109375 0.18515625 0.0375 0.059375