0 0.44375 0.05 0.0234375 0.025
0 0.665625 0.08828125 0.0625 0.028125
0 0.209375 0.09609375 0.028125 0.0234375
0 0.21171875 0.14765625 0.0109375 0.01875
0 0.1671875 0.14375 0.0171875 0.0203125
0 0.19921875 0.1953125 0.0265625 0.0234375
0 0.19765625 0.2234375 0.0234375 0.01875
0 0.23046875 0.27265625 0.015625 0.0234375
0 0.25 0.27578125 0.0140625 0.0234375
0 0.35 0.28046875 0.015625 0.0140625
0 0.41796875 0.29375 0.0140625 0.0234375
0 0.48671875 0.30234375 0.015625 0.0265625
0 0.5921875 0.31484375 0.015625 0.0296875
0 0.1875 0.3453125 0.1046875 0.0390625
0 0.15703125 0.4859375 0.0203125 0.046875
0 0.26171875 0.421875 0.0125 0.0140625
0 0.25859375 0.49921875 0.0546875 0.028125
0 0.36171875 0.51640625 0.01875 0.0203125
0 0.53203125 0.5328125 0.1046875 0.0390625
0 0.6015625 0.46484375 0.0109375 0.0125
0 0.53046875 0.40546875 0.046875 0.05