0 0.24375 0.07265625 0.0484375 0.0671875
0 0.04296875 0.15390625 0.0265625 0.103125
0 0.04453125 0.25546875 0.0265625 0.11875
0 0.18046875 0.1453125 0.0265625 0.1140625
0 0.146875 0.334375 0.1015625 0.04375
0 0.25390625 0.3578125 0.1453125 0.040625
0 0.3796875 0.29296875 0.021875 0.0671875
0 0.2265625 0.27734375 0.046875 0.0625
0 0.57109375 0.05 0.05 0.084375
0 0.58125 0.059375 0.0265625 0.0421875
0 0.6734375 0.09609375 0.0359375 0.0265625
0 0.671875 0.12421875 0.03125 0.025
0 0.6734375 0.15234375 0.0296875 0.0234375
0 0.675 0.29453125 0.028125 0.025
0 0.5609375 0.25859375 0.0453125 0.06875
0 0.1546875 0.509375 0.0609375 0.096875
0 0.1375 0.546875 0.0265625 0.0890625
0 0.1921875 0.52265625 0.059375 0.0515625
0 0.24609375 0.5078125 0.0421875 0.040625
0 0.340625 0.51171875 0.05625 0.0421875
0 0.08125 0.5765625 0.028125 0.1109375
0 0.39765625 0.6390625 0.0328125 0.2046875
0 0.37109375 0.55234375 0.0296875 0.028125
0 0.37265625 0.58359375 0.0296875 0.028125
0 0.375 0.6796875 0.028125 0.0265625
0 0.37421875 0.70859375 0.025 0.028125
0 0.371875 0.7359375 0.021875 0.021875
0 0.14921875 0.74765625 0.0265625 0.0890625
0 0.1875 0.778125 0.0171875 0.03125
0 0.20546875 0.78203125 0.0203125 0.034375
0 0.22578125 0.78671875 0.01875 0.0453125
0 0.3234375 0.7859375 0.0203125 0.0484375
0 0.34375 0.784375 0.021875 0.0484375
0 0.27109375 0.84609375 0.171875 0.040625