0 0.1796875 0.8109375 0.0140625 0.0234375
0 0.21015625 0.81875 0.0140625 0.0171875
0 0.253125 0.8203125 0.015625 0.0234375
0 0.303125 0.8203125 0.015625 0.0265625
0 0.353125 0.81796875 0.015625 0.0265625
0 0.40234375 0.69765625 0.0140625 0.0171875
0 0.13125 0.68671875 0.0125 0.01875
0 0.25234375 0.58515625 0.0171875 0.0171875
0 0.27734375 0.52109375 0.015625 0.01875
0 0.4 0.46953125 0.0578125 0.021875
0 0.09140625 0.3328125 0.0140625 0.0203125
0 0.1140625 0.2953125 0.0171875 0.0234375
0 0.18203125 0.18828125 0.0171875 0.0203125
0 0.37890625 0.25234375 0.0140625 0.0203125
0 0.4234375 0.2640625 0.015625 0.0328125
0 0.3703125 0.13828125 0.040625 0.0203125
0 0.1671875 0.1203125 0.0984375 0.0296875