0 0.14140625 0.11875 0.015625 0.0265625
0 0.3703125 0.340625 0.021875 0.0203125
0 0.25078125 0.14765625 0.0421875 0.0515625
0 0.6625 0.02578125 0.0203125 0.021875
0 0.6625 0.05546875 0.028125 0.021875
0 0.6578125 0.084375 0.021875 0.021875
0 0.659375 0.1125 0.03125 0.0265625
0 0.65703125 0.1453125 0.03125 0.028125
0 0.64921875 0.175 0.021875 0.025
0 0.64921875 0.20234375 0.025 0.0203125
0 0.64140625 0.23203125 0.0140625 0.0234375
0 0.63828125 0.259375 0.0140625 0.0234375
0 0.5875 0.31640625 0.0203125 0.0390625
0 0.56640625 0.32109375 0.021875 0.0515625
0 0.546875 0.31015625 0.0140625 0.03125
0 0.515625 0.31640625 0.0203125 0.0515625
0 0.17734375 0.2703125 0.01875 0.0203125
0 0.196875 0.27578125 0.0171875 0.0265625
0 0.21640625 0.28515625 0.0203125 0.0421875
0 0.2375 0.278125 0.0140625 0.021875
0 0.25859375 0.28984375 0.021875 0.04375
0 0.13828125 0.3828125 0.0578125 0.028125
0 0.25703125 0.39609375 0.04375 0.0234375
0 0.19453125 0.50234375 0.025 0.021875
0 0.109375 0.49609375 0.015625 0.0265625
0 0.58828125 0.4609375 0.0171875 0.0484375