0 0.5328125 0.071875 0.05859375 0.0203125
0 0.5234375 0.23203125 0.01171875 0.028125
0 0.48359375 0.36796875 0.0140625 0.0203125
0 0.5 0.3625 0.009375 0.01171875
0 0.46484375 0.3671875 0.0125 0.01796875
0 0.39921875 0.3671875 0.01171875 0.01796875
0 0.38203125 0.37265625 0.01328125 0.028125
0 0.36484375 0.3671875 0.01171875 0.01796875
0 0.34765625 0.371875 0.01328125 0.02890625
0 0.2765625 0.37265625 0.01328125 0.03046875
0 0.25859375 0.371875 0.0125 0.02734375
0 0.2421875 0.37421875 0.01328125 0.0328125
0 0.22421875 0.37109375 0.0125 0.02578125
0 0.175 0.371875 0.0109375 0.02734375
0 0.15546875 0.3734375 0.01484375 0.03125
0 0.31875 0.4125 0.02109375 0.01796875
0 0.18515625 0.484375 0.053125 0.0203125
0 0.06640625 0.49375 0.0109375 0.0421875
0 0.178125 0.5921875 0.02109375 0.01875
0 0.1953125 0.57421875 0.0109375 0.02265625
0 0.303125 0.590625 0.03984375 0.01875
0 0.0953125 0.13515625 0.01484375 0.01875
0 0.09296875 0.16015625 0.015625 0.01875
0 0.08828125 0.1859375 0.025 0.02265625
0 0.0875 0.2171875 0.0265625 0.0234375
0 0.09375 0.24375 0.01484375 0.0203125
0 0.090625 0.26953125 0.02109375 0.01796875
0 0.0953125 0.2953125 0.0109375 0.0203125
0 0.09765625 0.3203125 0.00703125 0.01640625
0 0.34453125 0.23984375 0.03125 0.05390625