0 0.4921875 0.0703125 0.0609375 0.025
0 0.49609375 0.2328125 0.015625 0.0296875
0 0.46875 0.37265625 0.015625 0.021875
0 0.484375 0.365625 0.0109375 0.0125
0 0.45 0.3734375 0.0140625 0.01875
0 0.38359375 0.37890625 0.0140625 0.01875
0 0.36640625 0.3859375 0.015625 0.0296875
0 0.34921875 0.38203125 0.0125 0.01875
0 0.33203125 0.3890625 0.015625 0.03125
0 0.26015625 0.3953125 0.015625 0.03125
0 0.2421875 0.39609375 0.0140625 0.028125
0 0.2265625 0.4 0.015625 0.034375
0 0.2078125 0.3984375 0.0140625 0.0265625
0 0.15859375 0.40390625 0.0140625 0.028125
0 0.1390625 0.40703125 0.0171875 0.0328125
0 0.30625 0.43203125 0.0234375 0.0203125
0 0.178125 0.51640625 0.0546875 0.025
0 0.06015625 0.5359375 0.015625 0.04375
0 0.18046875 0.625 0.0234375 0.0203125
0 0.19609375 0.60546875 0.0140625 0.0234375
0 0.30703125 0.6125 0.0421875 0.0234375
0 0.05703125 0.17265625 0.0171875 0.0203125
0 0.05625 0.1984375 0.0171875 0.0203125
0 0.05390625 0.22421875 0.0265625 0.025
0 0.05703125 0.25546875 0.028125 0.025
0 0.06484375 0.28203125 0.0171875 0.021875
0 0.06328125 0.3078125 0.0234375 0.0203125
0 0.07109375 0.33359375 0.0140625 0.021875
0 0.075 0.359375 0.0078125 0.0171875
0 0.31796875 0.25546875 0.0359375 0.0578125