0 0.46171875 0.03046875 0.025 0.0265625
0 0.690625 0.07890625 0.0671875 0.03125
0 0.215625 0.0703125 0.0296875 0.025
0 0.21640625 0.1234375 0.0109375 0.01875
0 0.1703125 0.11796875 0.01875 0.021875
0 0.2015625 0.17265625 0.028125 0.025
0 0.1984375 0.20234375 0.0234375 0.0203125
0 0.23203125 0.2546875 0.0171875 0.025
0 0.25234375 0.2578125 0.015625 0.0234375
0 0.35625 0.26640625 0.015625 0.0140625
0 0.4265625 0.28203125 0.015625 0.0234375
0 0.49765625 0.29453125 0.015625 0.028125
0 0.60703125 0.31171875 0.0171875 0.03125
0 0.18515625 0.32890625 0.1078125 0.04375
0 0.14765625 0.4734375 0.0234375 0.05
0 0.2578125 0.4109375 0.0125 0.0140625
0 0.253125 0.490625 0.0578125 0.03125
0 0.359375 0.5125 0.0203125 0.0203125
0 0.5359375 0.53671875 0.109375 0.0453125
0 0.6109375 0.46796875 0.0109375 0.0125
0 0.53828125 0.40390625 0.05 0.053125