0 0.0453125 0.06875 0.0234375 0.015625
0 0.0484375 0.0890625 0.0171875 0.015625
0 0.04921875 0.1125 0.015625 0.01875
0 0.05 0.15078125 0.015625 0.0140625
0 0.04765625 0.1703125 0.021875 0.015625
0 0.0515625 0.22578125 0.015625 0.015625
0 0.05 0.25078125 0.0203125 0.0171875
0 0.053125 0.2703125 0.0140625 0.0171875
0 0.05 0.290625 0.0203125 0.0171875
0 0.05 0.3109375 0.0234375 0.015625
0 0.05390625 0.33125 0.0140625 0.015625
0 0.0546875 0.35 0.0140625 0.015625
0 0.0515625 0.36953125 0.0203125 0.015625
0 0.0546875 0.3890625 0.0140625 0.015625
0 0.0515625 0.40859375 0.0234375 0.015625
0 0.05546875 0.43359375 0.0140625 0.015625
0 0.05390625 0.453125 0.01875 0.015625
0 0.05546875 0.54609375 0.01875 0.015625
0 0.0578125 0.5703125 0.0140625 0.015625
0 0.05859375 0.59453125 0.0140625 0.015625
0 0.059375 0.6203125 0.0140625 0.015625
0 0.05546875 0.64140625 0.021875 0.015625
0 0.05546875 0.66796875 0.025 0.0140625
0 0.0265625 0.37109375 0.0109375 0.0234375
0 0.67265625 0.61796875 0.0109375 0.034375
0 0.65546875 0.715625 0.0140625 0.0359375
0 0.64296875 0.7109375 0.0109375 0.0265625
0 0.628125 0.715625 0.0125 0.0359375
0 0.615625 0.7109375 0.0125 0.0265625
0 0.6015625 0.71171875 0.0109375 0.0265625
0 0.58828125 0.71171875 0.0125 0.0265625
0 0.528125 0.71171875 0.0109375 0.0265625
0 0.515625 0.7125 0.0109375 0.0265625
0 0.46171875 0.71328125 0.0125 0.0265625
0 0.4328125 0.7140625 0.0109375 0.0265625
0 0.41640625 0.7140625 0.0109375 0.0265625
0 0.40234375 0.71953125 0.0125 0.0359375
0 0.3890625 0.72265625 0.0125 0.040625
0 0.359375 0.71484375 0.0109375 0.0265625
0 0.334375 0.72109375 0.0125 0.0359375
0 0.31953125 0.72109375 0.0109375 0.0359375
0 0.2609375 0.7140625 0.0109375 0.0203125
0 0.2078125 0.71953125 0.0109375 0.028125
0 0.19453125 0.7234375 0.0125 0.0359375
0 0.1484375 0.72421875 0.0125 0.0359375
0 0.1296875 0.7203125 0.0125 0.028125
0 0.11640625 0.72578125 0.009375 0.0375
0 0.3890625 0.75390625 0.015625 0.0140625
0 0.1203125 0.80546875 0.0234375 0.03125
0 0.08359375 0.865625 0.0109375 0.0375
0 0.0921875 0.934375 0.034375 0.015625
0 0.2375 0.92734375 0.0765625 0.021875
0 0.42890625 0.93046875 0.05 0.0234375
0 0.571875 0.9140625 0.06875 0.0234375
0 0.64921875 0.909375 0.015625 0.015625
0 0.66875 0.84453125 0.0109375 0.0203125
0 0.68359375 0.78828125 0.0421875 0.0171875
0 0.553125 0.7984375 0.03125 0.0171875
0 0.753125 0.290625 0.0390625 0.015625
0 0.9390625 0.28984375 0.028125 0.01875