0 0.415625 0.0640625 0.0234375 0.0171875
0 0.30625 0.10234375 0.040625 0.0171875
0 0.29375 0.17734375 0.0125 0.01875
0 0.2734375 0.18203125 0.0125 0.0203125
0 0.0734375 0.2625 0.0140625 0.0203125
0 0.10078125 0.2109375 0.0140625 0.01875
0 0.10234375 0.31328125 0.0171875 0.0203125
0 0.15703125 0.41015625 0.0140625 0.0171875
0 0.6921875 0.4078125 0.0140625 0.034375
0 0.11484375 0.49453125 0.0515625 0.0203125
0 0.0765625 0.57109375 0.015625 0.01875
0 0.1046875 0.61484375 0.015625 0.0296875
0 0.22734375 0.6453125 0.0140625 0.0265625
0 0.3484375 0.64296875 0.0140625 0.0265625
0 0.503125 0.64453125 0.0140625 0.0328125
0 0.62421875 0.64140625 0.0140625 0.03125