0 0.42265625 0.0703125 0.021875 0.0171875
0 0.31484375 0.10703125 0.0390625 0.01640625
0 0.30078125 0.1796875 0.01171875 0.0171875
0 0.28125 0.184375 0.01171875 0.01875
0 0.08203125 0.26015625 0.0125 0.0203125
0 0.1109375 0.209375 0.0125 0.01875
0 0.109375 0.3109375 0.0171875 0.01953125
0 0.1625 0.40625 0.01328125 0.015625
0 0.6890625 0.41328125 0.0140625 0.0328125
0 0.11875 0.4890625 0.05 0.01875
0 0.0796875 0.5640625 0.01484375 0.01796875
0 0.10703125 0.6078125 0.01484375 0.02890625
0 0.228125 0.63984375 0.0140625 0.025
0 0.346875 0.63984375 0.0140625 0.025
0 0.49921875 0.64375 0.0140625 0.0328125
0 0.61875 0.64296875 0.0140625 0.03125