0 0.08046875 0.07578125 0.02109375 0.01484375
0 0.0828125 0.0953125 0.015625 0.01484375
0 0.08359375 0.1171875 0.01484375 0.01640625
0 0.08359375 0.153125 0.01484375 0.01328125
0 0.08046875 0.17109375 0.01953125 0.0140625
0 0.08359375 0.221875 0.01484375 0.0140625
0 0.08203125 0.2453125 0.01796875 0.015625
0 0.084375 0.26328125 0.0125 0.01484375
0 0.08125 0.28203125 0.01875 0.015625
0 0.08046875 0.30078125 0.02109375 0.0140625
0 0.084375 0.31953125 0.0125 0.0140625
0 0.084375 0.3375 0.0125 0.0140625
0 0.08125 0.3546875 0.01875 0.01484375
0 0.084375 0.3734375 0.0125 0.01484375
0 0.08046875 0.39140625 0.02109375 0.0140625
0 0.084375 0.41484375 0.0125 0.0140625
0 0.08203125 0.4328125 0.0171875 0.0140625
0 0.08203125 0.51875 0.0171875 0.0140625
0 0.084375 0.54140625 0.0125 0.0140625
0 0.084375 0.5640625 0.0125 0.0140625
0 0.084375 0.5875 0.0125 0.0140625
0 0.08046875 0.6078125 0.0203125 0.01484375
0 0.0796875 0.63203125 0.0234375 0.0125
0 0.05859375 0.35625 0.009375 0.021875
0 0.653125 0.59609375 0.01015625 0.03203125
0 0.63515625 0.6859375 0.01328125 0.03359375
0 0.62421875 0.68125 0.01015625 0.02421875
0 0.61015625 0.6859375 0.01171875 0.03359375
0 0.5984375 0.68125 0.0109375 0.02421875
0 0.58515625 0.68125 0.009375 0.02421875
0 0.5734375 0.68125 0.0109375 0.02421875
0 0.5171875 0.68125 0.01015625 0.0234375
0 0.50546875 0.68125 0.01015625 0.0234375
0 0.45625 0.68125 0.0109375 0.0234375
0 0.42890625 0.68125 0.01015625 0.0234375
0 0.4140625 0.68125 0.01015625 0.0234375
0 0.40078125 0.68515625 0.0109375 0.0328125
0 0.38828125 0.6875 0.01171875 0.0375
0 0.3609375 0.68125 0.01015625 0.0234375
0 0.3375 0.6859375 0.0109375 0.03359375
0 0.32421875 0.6859375 0.01015625 0.03359375
0 0.26953125 0.67890625 0.01015625 0.01875
0 0.2203125 0.68203125 0.01015625 0.0265625
0 0.2078125 0.68515625 0.0109375 0.0328125
0 0.16484375 0.68515625 0.0109375 0.0328125
0 0.14765625 0.68203125 0.01171875 0.0265625
0 0.13515625 0.68671875 0.00859375 0.034375
0 0.3875 0.71640625 0.0140625 0.01328125
0 0.1375 0.76015625 0.021875 0.02890625
0 0.10234375 0.81640625 0.009375 0.034375
0 0.109375 0.88046875 0.03203125 0.01484375
0 0.24453125 0.875 0.07109375 0.01875
0 0.421875 0.88125 0.04609375 0.02109375
0 0.5546875 0.86953125 0.0640625 0.02109375
0 0.6265625 0.865625 0.0140625 0.0140625
0 0.6453125 0.80625 0.009375 0.01796875
0 0.66015625 0.75390625 0.03984375 0.015625
0 0.5390625 0.7609375 0.02890625 0.015625
0 0.7328125 0.29375 0.0359375 0.01484375
0 0.90546875 0.29609375 0.0265625 0.01640625