0 0.3078125 0.01484375 0.059375 0.028125
0 0.20625 0.14765625 0.0171875 0.025
0 0.41015625 0.36640625 0.021875 0.0203125
0 0.30703125 0.18046875 0.0421875 0.05
0 0.6984375 0.0859375 0.0203125 0.021875
0 0.69765625 0.11328125 0.0265625 0.021875
0 0.69140625 0.140625 0.0203125 0.021875
0 0.69140625 0.1671875 0.0296875 0.0265625
0 0.6875 0.19765625 0.0296875 0.0265625
0 0.67890625 0.22421875 0.021875 0.025
0 0.678125 0.2515625 0.025 0.0203125
0 0.66796875 0.27890625 0.0140625 0.021875
0 0.66484375 0.30390625 0.0140625 0.021875
0 0.6140625 0.3546875 0.0203125 0.0375
0 0.59453125 0.3578125 0.0234375 0.05
0 0.5765625 0.346875 0.0140625 0.0296875
0 0.546875 0.3515625 0.021875 0.05
0 0.2328125 0.29140625 0.0171875 0.01875
0 0.25 0.29765625 0.0171875 0.025
0 0.2671875 0.30703125 0.021875 0.040625
0 0.28828125 0.3015625 0.0140625 0.0203125
0 0.30703125 0.31328125 0.021875 0.0421875
0 0.190625 0.3953125 0.0546875 0.028125
0 0.3015625 0.4140625 0.0421875 0.025
0 0.2375 0.51015625 0.025 0.021875
0 0.1578125 0.5 0.0171875 0.0265625
0 0.6078125 0.48984375 0.01875 0.0453125