0 0.2921875 0.1125 0.04296875 0.06015625
0 0.10625 0.18046875 0.021875 0.09453125
0 0.10390625 0.2734375 0.0203125 0.109375
0 0.23203125 0.1765625 0.0203125 0.10390625
0 0.1953125 0.34921875 0.0921875 0.03671875
0 0.29296875 0.37421875 0.13203125 0.03203125
0 0.409375 0.31875 0.01796875 0.06171875
0 0.2703125 0.3 0.040625 0.05703125
0 0.59296875 0.103125 0.04296875 0.07578125
0 0.60234375 0.11171875 0.02421875 0.03828125
0 0.68515625 0.14765625 0.03203125 0.02265625
0 0.68359375 0.1734375 0.028125 0.021875
0 0.6828125 0.19921875 0.0265625 0.0203125
0 0.68046875 0.32890625 0.02421875 0.021875
0 0.5765625 0.29296875 0.03984375 0.0625
0 0.196875 0.51015625 0.05234375 0.08671875
0 0.1796875 0.54375 0.021875 0.08125
0 0.23125 0.52265625 0.053125 0.0453125
0 0.28046875 0.51171875 0.03828125 0.0359375
0 0.3671875 0.51796875 0.05 0.03671875
0 0.12734375 0.56875 0.02265625 0.1
0 0.415625 0.6359375 0.0234375 0.18671875
0 0.39375 0.55625 0.0265625 0.025
0 0.39375 0.584375 0.0265625 0.02421875
0 0.39296875 0.67265625 0.02421875 0.0234375
0 0.39140625 0.6984375 0.02109375 0.025
0 0.3890625 0.72421875 0.0203125 0.0203125
0 0.184375 0.72734375 0.021875 0.08046875
0 0.21875 0.75703125 0.0140625 0.028125
0 0.23515625 0.7609375 0.0171875 0.03125
0 0.253125 0.76640625 0.01640625 0.040625
0 0.3421875 0.76796875 0.01640625 0.04453125
0 0.3609375 0.76796875 0.01796875 0.04453125
0 0.29296875 0.821875 0.15546875 0.03203125