0 0.33671875 0.1515625 0.015625 0.0203125
0 0.31328125 0.19921875 0.0203125 0.034375
0 0.3734375 0.1875 0.01875 0.0375
0 0.22265625 0.315625 0.01875 0.0203125
0 0.49140625 0.3578125 0.0171875 0.0234375
0 0.51171875 0.553125 0.0609375 0.028125
0 0.45390625 0.61328125 0.0203125 0.040625
0 0.3671875 0.62578125 0.0203125 0.0359375
0 0.26015625 0.53671875 0.0125 0.01875
0 0.15703125 0.50078125 0.0140625 0.01875
0 0.0953125 0.48125 0.025 0.071875
0 0.34765625 0.778125 0.0234375 0.01875
0 0.52109375 0.7578125 0.0421875 0.025