0 0.31953125 0.10078125 0.0171875 0.021875
0 0.2953125 0.1515625 0.021875 0.0359375
0 0.36015625 0.1390625 0.0203125 0.040625
0 0.196875 0.27578125 0.01875 0.0203125
0 0.48671875 0.321875 0.0171875 0.025
0 0.5078125 0.53046875 0.065625 0.0296875
0 0.44609375 0.5953125 0.021875 0.04375
0 0.35234375 0.6078125 0.021875 0.0390625
0 0.23828125 0.5140625 0.0125 0.0203125
0 0.12734375 0.47421875 0.015625 0.01875
0 0.0609375 0.45390625 0.0265625 0.078125
0 0.3328125 0.771875 0.025 0.021875
0 0.51796875 0.75 0.0453125 0.0265625