0 0.38984375 0.16953125 0.0375 0.0234375
0 0.2609375 0.25390625 0.0359375 0.0578125
0 0.11171875 0.4953125 0.015625 0.01875
0 0.115625 0.45234375 0.0140625 0.0234375
0 0.11796875 0.31171875 0.0171875 0.0234375
0 0.11953125 0.25546875 0.01875 0.0234375
0 0.08359375 0.3515625 0.0140625 0.028125
0 0.15546875 0.54375 0.0140625 0.0125
0 0.20625 0.546875 0.0140625 0.01875
0 0.23125 0.5515625 0.015625 0.025
0 0.30703125 0.61484375 0.015625 0.01875
0 0.51640625 0.45703125 0.015625 0.0203125
0 0.51796875 0.2796875 0.0203125 0.0546875
0 0.5046875 0.559375 0.034375 0.04375
0 0.65234375 0.58359375 0.03125 0.01875
0 0.72734375 0.50546875 0.0234375 0.1421875
0 0.5796875 0.20859375 0.015625 0.059375