0 0.371875 0.165625 0.034375 0.0203125
0 0.25234375 0.25078125 0.0328125 0.053125
0 0.1171875 0.48515625 0.01484375 0.01796875
0 0.11953125 0.44453125 0.0125 0.02109375
0 0.1171875 0.31015625 0.015625 0.02109375
0 0.11640625 0.25625 0.0171875 0.02109375
0 0.0859375 0.34921875 0.0125 0.0265625
0 0.1609375 0.53046875 0.0140625 0.0125
0 0.209375 0.53125 0.0140625 0.0171875
0 0.23359375 0.53515625 0.0140625 0.0234375
0 0.3078125 0.59375 0.01484375 0.0171875
0 0.50234375 0.43515625 0.01484375 0.01875
0 0.49765625 0.26640625 0.01796875 0.0515625
0 0.49453125 0.53359375 0.03125 0.04140625
0 0.63671875 0.5515625 0.02890625 0.0171875
0 0.70546875 0.475 0.01796875 0.13515625
0 0.5546875 0.196875 0.0140625 0.05625