0 0.7875 0.54140625 0.046875 0.0234375
0 0.5890625 0.62109375 0.0125 0.0203125
0 0.58359375 0.47734375 0.0453125 0.01875
0 0.4125 0.4421875 0.0125 0.0171875
0 0.23125 0.709375 0.0109375 0.0171875
0 0.3171875 0.8 0.0125 0.01875
0 0.53203125 0.79296875 0.0125 0.0203125
0 0.225 0.55859375 0.015625 0.0171875
0 0.26171875 0.34375 0.0390625 0.015625
0 0.24609375 0.28671875 0.0109375 0.021875
0 0.29765625 0.24140625 0.0171875 0.01875
0 0.31328125 0.15625 0.0140625 0.015625
0 0.4609375 0.146875 0.0296875 0.021875
0 0.6234375 0.25546875 0.0125 0.0171875
0 0.565625 0.28828125 0.0125 0.015625