0 0.76796875 0.5328125 0.0453125 0.021875
0 0.5796875 0.6125 0.0125 0.01875
0 0.57109375 0.47421875 0.04375 0.0171875
0 0.40703125 0.44375 0.0125 0.015625
0 0.23828125 0.703125 0.0109375 0.0171875
0 0.321875 0.78828125 0.0125 0.01875
0 0.52734375 0.778125 0.0125 0.0203125
0 0.22890625 0.55859375 0.015625 0.0171875
0 0.26171875 0.3515625 0.0375 0.0171875
0 0.2453125 0.2984375 0.0109375 0.021875
0 0.29375 0.253125 0.0171875 0.01875
0 0.30703125 0.17109375 0.0125 0.015625
0 0.4484375 0.1609375 0.0296875 0.0203125
0 0.60625 0.2609375 0.0125 0.0171875
0 0.55078125 0.29375 0.0109375 0.015625