0 0.20546875 0.1015625 0.0421875 0.021875
0 0.078125 0.22734375 0.015625 0.0359375
0 0.509375 0.1140625 0.034375 0.02109375
0 0.58046875 0.19296875 0.01171875 0.01484375
0 0.5546875 0.3140625 0.03984375 0.01953125
0 0.5859375 0.390625 0.05546875 0.0203125
0 0.33125 0.3703125 0.01484375 0.01875
0 0.1171875 0.390625 0.04453125 0.05859375
0 0.10078125 0.42421875 0.04765625 0.04765625
0 0.0828125 0.50703125 0.0234375 0.02109375
0 0.0828125 0.54140625 0.025 0.02109375
0 0.08359375 0.575 0.021875 0.0203125
0 0.090625 0.659375 0.00859375 0.01796875
0 0.15234375 0.7140625 0.01328125 0.0109375
0 0.190625 0.7140625 0.0125 0.0109375
0 0.25 0.72578125 0.01640625 0.03828125
0 0.45 0.72578125 0.01640625 0.03828125
0 0.509375 0.71796875 0.0125 0.01875
0 0.60625 0.54140625 0.0125 0.0203125