0 0.3953125 0.1484375 0.0125 0.01796875
0 0.36640625 0.1890625 0.01484375 0.03125
0 0.42578125 0.18828125 0.0125 0.03515625
0 0.2625 0.2859375 0.01484375 0.0171875
0 0.51171875 0.3671875 0.0125 0.0203125
0 0.5015625 0.5546875 0.05625 0.01796875
0 0.4375 0.603125 0.01328125 0.03671875
0 0.35390625 0.6015625 0.0140625 0.0328125
0 0.265625 0.5015625 0.00859375 0.0171875
0 0.17265625 0.4515625 0.0109375 0.015625
0 0.1171875 0.42421875 0.01328125 0.06875
0 0.3125 0.74296875 0.0203125 0.015625
0 0.4796875 0.75 0.03828125 0.01796875