0 0.40390625 0.11484375 0.0390625 0.0265625
0 0.2640625 0.19375 0.0421875 0.0609375
0 0.09140625 0.43359375 0.01875 0.021875
0 0.0984375 0.3890625 0.0171875 0.025
0 0.11171875 0.24296875 0.0203125 0.025
0 0.11640625 0.18515625 0.021875 0.025
0 0.07265625 0.28203125 0.015625 0.0296875
0 0.13359375 0.48671875 0.015625 0.0140625
0 0.1859375 0.49375 0.0171875 0.01875
0 0.21171875 0.5 0.0171875 0.0265625
0 0.2859375 0.57265625 0.01875 0.0203125
0 0.5140625 0.42265625 0.0171875 0.021875
0 0.52890625 0.2390625 0.025 0.0578125
0 0.4953125 0.52890625 0.0390625 0.0484375
0 0.646875 0.5640625 0.034375 0.021875
0 0.73046875 0.4890625 0.034375 0.1484375
0 0.5984375 0.1703125 0.021875 0.0625