0 0.16171875 0.1625 0.075 0.0296875
0 0.3109375 0.1171875 0.0421875 0.0234375
0 0.371875 0.1703125 0.0328125 0.021875
0 0.3640625 0.2015625 0.0359375 0.0265625
0 0.2015625 0.2671875 0.0359375 0.0265625
0 0.42109375 0.23984375 0.01875 0.01875
0 0.453125 0.29609375 0.0234375 0.0125
0 0.12421875 0.284375 0.021875 0.0125
0 0.5296875 0.315625 0.0296875 0.0484375
0 0.4609375 0.39296875 0.0265625 0.01875
0 0.2109375 0.384375 0.0265625 0.01875
0 0.21640625 0.42890625 0.0234375 0.0125
0 0.134375 0.37734375 0.0296875 0.0578125
0 0.15 0.5015625 0.0265625 0.0390625
0 0.3515625 0.46484375 0.034375 0.0203125
0 0.4890625 0.48828125 0.1328125 0.040625
0 0.36171875 0.571875 0.071875 0.025