0 0.25078125 0.0671875 0.0484375 0.028125
0 0.1 0.19140625 0.0203125 0.040625
0 0.57734375 0.109375 0.0390625 0.0265625
0 0.646875 0.2015625 0.0140625 0.0171875
0 0.60859375 0.3296875 0.0453125 0.025
0 0.634375 0.41640625 0.0625 0.0265625
0 0.3609375 0.36953125 0.0171875 0.021875
0 0.12734375 0.371875 0.053125 0.06875
0 0.10625 0.40625 0.05625 0.05625
0 0.0796875 0.49453125 0.028125 0.025
0 0.07578125 0.53125 0.0296875 0.025
0 0.07421875 0.5671875 0.025 0.0234375
0 0.07265625 0.659375 0.0109375 0.0203125
0 0.134375 0.72421875 0.015625 0.0125
0 0.17578125 0.728125 0.015625 0.0125
0 0.2390625 0.74609375 0.0203125 0.0421875
0 0.45546875 0.76484375 0.0203125 0.0421875
0 0.52109375 0.7625 0.015625 0.021875
0 0.6421875 0.58046875 0.015625 0.0234375