0 0.20859375 0.125 0.07265625 0.0203125
0 0.3609375 0.0984375 0.0390625 0.01875
0 0.4140625 0.15859375 0.03125 0.01796875
0 0.403125 0.18828125 0.03203125 0.0234375
0 0.23515625 0.23359375 0.0328125 0.021875
0 0.45390625 0.2328125 0.0171875 0.0171875
0 0.478125 0.2921875 0.02109375 0.009375
0 0.1578125 0.240625 0.0203125 0.009375
0 0.55234375 0.3203125 0.02421875 0.0453125
0 0.475 0.38828125 0.02421875 0.01640625
0 0.23046875 0.35 0.0234375 0.01640625
0 0.23046875 0.39296875 0.021875 0.01015625
0 0.15625 0.3328125 0.0234375 0.05390625
0 0.15625 0.45625 0.02265625 0.0359375
0 0.35859375 0.4453125 0.03203125 0.0171875
0 0.49140625 0.48515625 0.13046875 0.02421875
0 0.35546875 0.5515625 0.0703125 0.01640625