0 0.23515625 0.075 0.04375 0.025
0 0.096875 0.19296875 0.01875 0.0375
0 0.53984375 0.10859375 0.0359375 0.0234375
0 0.60703125 0.19375 0.0140625 0.015625
0 0.571875 0.3140625 0.0421875 0.021875
0 0.59765625 0.39296875 0.0578125 0.0234375
0 0.3421875 0.3546875 0.015625 0.0203125
0 0.125 0.36015625 0.05 0.0625
0 0.10625 0.39296875 0.0515625 0.0515625
0 0.0828125 0.47578125 0.025 0.0234375
0 0.08046875 0.51015625 0.0265625 0.0234375
0 0.07890625 0.54375 0.0234375 0.021875
0 0.07890625 0.6296875 0.009375 0.01875
0 0.1375 0.68828125 0.0140625 0.0125
0 0.1765625 0.69140625 0.0125 0.0125
0 0.2359375 0.7078125 0.01875 0.0390625
0 0.4375 0.721875 0.01875 0.0390625
0 0.4984375 0.71796875 0.0140625 0.0203125
0 0.6078125 0.546875 0.0140625 0.021875