0 0.76640625 0.54296875 0.04375 0.0203125
0 0.57734375 0.61171875 0.01171875 0.01875
0 0.5765625 0.47578125 0.0421875 0.015625
0 0.41640625 0.43671875 0.01171875 0.01484375
0 0.23671875 0.68359375 0.01015625 0.015625
0 0.31484375 0.771875 0.0109375 0.0171875
0 0.5171875 0.771875 0.01171875 0.01953125
0 0.2359375 0.540625 0.0140625 0.01640625
0 0.278125 0.3390625 0.03671875 0.0140625
0 0.26484375 0.2859375 0.009375 0.0203125
0 0.315625 0.24453125 0.01640625 0.01640625
0 0.33203125 0.16484375 0.0125 0.01484375
0 0.471875 0.1609375 0.02734375 0.01953125
0 0.621875 0.26875 0.0109375 0.01640625
0 0.565625 0.296875 0.0109375 0.0140625