0 0.1125 0.1234375 0.0796875 0.0328125
0 0.26953125 0.0734375 0.04375 0.025
0 0.33515625 0.12890625 0.034375 0.0234375
0 0.328125 0.1609375 0.0375 0.0296875
0 0.15625 0.23359375 0.0375 0.028125
0 0.3875 0.2 0.0203125 0.0203125
0 0.421875 0.26015625 0.0234375 0.0125
0 0.07578125 0.25390625 0.0234375 0.0125
0 0.5046875 0.278125 0.0328125 0.0515625
0 0.4328125 0.36171875 0.028125 0.0203125
0 0.16953125 0.3578125 0.0265625 0.0203125
0 0.17578125 0.40390625 0.025 0.0140625
0 0.0875 0.3515625 0.0328125 0.0609375
0 0.10703125 0.48125 0.0296875 0.040625
0 0.31875 0.43984375 0.0359375 0.021875
0 0.46484375 0.46171875 0.140625 0.0453125
0 0.33125 0.55234375 0.0765625 0.028125