0 0.209375 0.13828125 0.01484375 0.015625
0 0.290625 0.14453125 0.04140625 0.02890625
0 0.43203125 0.1359375 0.01015625 0.04765625
0 0.446875 0.25078125 0.0109375 0.05703125
0 0.4375 0.3375 0.0234375 0.01875
0 0.5109375 0.3734375 0.059375 0.0203125
0 0.50390625 0.41328125 0.06171875 0.01875
0 0.68984375 0.440625 0.059375 0.01875
0 0.94765625 0.22578125 0.05 0.04609375
0 0.91171875 0.3125 0.01484375 0.02109375
0 0.85859375 0.36484375 0.015625 0.0203125
0 0.784375 0.353125 0.0390625 0.01640625
0 0.8234375 0.4140625 0.03828125 0.01484375
0 0.8234375 0.4359375 0.0390625 0.01484375
0 0.95 0.56015625 0.015625 0.084375
0 0.8671875 0.68828125 0.04609375 0.01484375
0 0.78671875 0.6875 0.05625 0.0203125
0 0.68515625 0.58125 0.01484375 0.075
0 0.6609375 0.71171875 0.01171875 0.075
0 0.5359375 0.68671875 0.06484375 0.021875
0 0.5296875 0.53984375 0.0109375 0.04921875
0 0.51171875 0.52578125 0.01328125 0.075
0 0.47578125 0.5578125 0.0109375 0.05546875
0 0.46171875 0.5609375 0.009375 0.0296875
0 0.446875 0.5609375 0.0109375 0.05390625
0 0.28515625 0.69609375 0.1125 0.02109375
0 0.03671875 0.56171875 0.009375 0.05546875
0 0.040625 0.478125 0.0125 0.015625
0 0.10390625 0.41875 0.03828125 0.0140625
0 0.1546875 0.37734375 0.10703125 0.03515625
0 0.203125 0.48984375 0.01484375 0.09921875
0 0.31328125 0.39375 0.04609375 0.01484375
0 0.31640625 0.42578125 0.03984375 0.01484375
0 0.34453125 0.44296875 0.01953125 0.01328125
0 0.43515625 0.4109375 0.034375 0.05078125