0 0.1609375 0.08828125 0.0171875 0.01875
0 0.2484375 0.09921875 0.046875 0.034375
0 0.40390625 0.0984375 0.0140625 0.053125
0 0.4125 0.225 0.015625 0.0625
0 0.3984375 0.31796875 0.0265625 0.021875
0 0.47578125 0.3609375 0.065625 0.025
0 0.46640625 0.4046875 0.06875 0.0234375
0 0.6671875 0.4453125 0.065625 0.0234375
0 0.9609375 0.22578125 0.0578125 0.053125
0 0.91640625 0.31796875 0.0171875 0.025
0 0.85546875 0.37265625 0.01875 0.0234375
0 0.775 0.35546875 0.04375 0.0203125
0 0.81484375 0.4234375 0.0421875 0.0171875
0 0.81328125 0.44765625 0.04375 0.0171875
0 0.94453125 0.58984375 0.021875 0.0921875
0 0.846875 0.72578125 0.05 0.01875
0 0.75859375 0.71953125 0.0625 0.025
0 0.65390625 0.59765625 0.0203125 0.0828125
0 0.6203125 0.73828125 0.0171875 0.08125
0 0.48515625 0.7046875 0.071875 0.028125
0 0.48671875 0.54375 0.0140625 0.0546875
0 0.46796875 0.52734375 0.01875 0.0828125
0 0.42734375 0.56015625 0.015625 0.0609375
0 0.4125 0.56328125 0.0125 0.0328125
0 0.3953125 0.56171875 0.0140625 0.059375
0 0.21171875 0.7 0.1234375 0.0296875
0 0.0296875 0.3875 0.0421875 0.0171875
0 0.08828125 0.3453125 0.11875 0.04375
0 0.134375 0.47109375 0.021875 0.109375
0 0.26015625 0.37265625 0.0515625 0.01875
0 0.26171875 0.40703125 0.04375 0.0171875
0 0.290625 0.428125 0.021875 0.015625
0 0.39140625 0.3984375 0.040625 0.0578125