0 0.2484375 0.08671875 0.01875 0.01875
0 0.3328125 0.10390625 0.046875 0.0359375
0 0.48359375 0.11328125 0.0171875 0.0515625
0 0.48359375 0.2359375 0.01875 0.0625
0 0.46328125 0.32578125 0.0265625 0.0234375
0 0.5359375 0.37265625 0.065625 0.028125
0 0.52421875 0.41484375 0.0671875 0.0265625
0 0.71484375 0.4671875 0.065625 0.028125
0 0.9921875 0.27421875 0.015625 0.0546875
0 0.965625 0.3609375 0.01875 0.025
0 0.903125 0.409375 0.01875 0.0234375
0 0.8265625 0.38828125 0.04375 0.021875
0 0.859375 0.45625 0.0421875 0.0203125
0 0.85703125 0.4796875 0.04375 0.0203125
0 0.97421875 0.6265625 0.0265625 0.090625
0 0.8703125 0.75078125 0.05 0.021875
0 0.78515625 0.73984375 0.0609375 0.028125
0 0.6921875 0.6140625 0.025 0.08125
0 0.65 0.74921875 0.021875 0.0796875
0 0.52109375 0.70625 0.071875 0.03125
0 0.53359375 0.5515625 0.0171875 0.053125
0 0.51640625 0.53359375 0.0234375 0.08125
0 0.475 0.56328125 0.01875 0.059375
0 0.46015625 0.5640625 0.0140625 0.0328125
0 0.44375 0.5625 0.01875 0.0578125
0 0.25625 0.68359375 0.1203125 0.0359375
0 0.0125 0.51015625 0.0171875 0.059375
0 0.02734375 0.4234375 0.015625 0.01875
0 0.1015625 0.36953125 0.0421875 0.0203125
0 0.1609375 0.33203125 0.1171875 0.0515625
0 0.196875 0.45625 0.028125 0.10625
0 0.32578125 0.36953125 0.0515625 0.021875
0 0.32421875 0.403125 0.04375 0.0203125
0 0.3515625 0.425 0.021875 0.0171875
0 0.4515625 0.40234375 0.0421875 0.0578125