0 0.246875 0.05234375 0.0203125 0.01875
0 0.46484375 0.18515625 0.0171875 0.053125
0 0.47578125 0.22265625 0.0203125 0.0625
0 0.45 0.353125 0.0828125 0.0484375
0 0.490625 0.38984375 0.01875 0.05625
0 0.15703125 0.3078125 0.0984375 0.046875
0 0.3203125 0.36328125 0.046875 0.0234375
0 0.3171875 0.3859375 0.0453125 0.021875
0 0.196875 0.42421875 0.0234375 0.090625
0 0.1234375 0.3640625 0.04375 0.025
0 0.03671875 0.3515625 0.0234375 0.028125
0 0.00703125 0.47578125 0.0140625 0.0671875
0 0.2640625 0.65625 0.115625 0.0328125
0 0.428125 0.53203125 0.01875 0.0578125
0 0.4421875 0.53203125 0.015625 0.034375
0 0.45625 0.5375 0.021875 0.059375
0 0.46875 0.61015625 0.021875 0.0640625
0 0.528125 0.69375 0.053125 0.0234375
0 0.6671875 0.703125 0.065625 0.0265625
0 0.68671875 0.6046875 0.0578125 0.0296875
0 0.6890625 0.51953125 0.0515625 0.04375
0 0.70859375 0.41796875 0.065625 0.04375
0 0.54921875 0.39140625 0.04375 0.0234375
0 0.58203125 0.35078125 0.053125 0.0234375
0 0.6015625 0.31171875 0.0484375 0.0234375
0 0.74765625 0.1984375 0.015625 0.03125
0 0.74921875 0.32265625 0.0484375 0.021875
0 0.9796875 0.27734375 0.040625 0.0578125
0 0.97734375 0.365625 0.0203125 0.025
0 0.921875 0.4078125 0.0203125 0.025
0 0.8515625 0.42734375 0.0515625 0.0234375
0 0.8484375 0.45546875 0.04375 0.0203125
0 0.96171875 0.60546875 0.0234375 0.0828125
0 0.7796875 0.6953125 0.0578125 0.0234375
0 0.8546875 0.70390625 0.0515625 0.021875