0 0.21328125 0.11796875 0.01796875 0.01640625
0 0.434375 0.21953125 0.0109375 0.04921875
0 0.44921875 0.25234375 0.01171875 0.0578125
0 0.440625 0.37890625 0.07578125 0.0375
0 0.4828125 0.409375 0.0109375 0.0515625
0 0.1578125 0.36953125 0.090625 0.034375
0 0.31796875 0.403125 0.04296875 0.0171875
0 0.31796875 0.42578125 0.04140625 0.015625
0 0.20859375 0.4765625 0.0125 0.08515625
0 0.13203125 0.428125 0.040625 0.01953125
0 0.0484375 0.4265625 0.0203125 0.02421875
0 0.03125 0.546875 0.01328125 0.06328125
0 0.29921875 0.68828125 0.10859375 0.01875
0 0.440625 0.55078125 0.01171875 0.053125
0 0.45390625 0.55 0.0109375 0.03203125
0 0.4671875 0.55234375 0.01328125 0.05625
0 0.48828125 0.6203125 0.01328125 0.059375
0 0.55390625 0.69296875 0.04921875 0.0171875
0 0.6859375 0.68515625 0.0609375 0.01875
0 0.69375 0.58984375 0.05390625 0.02109375
0 0.68515625 0.509375 0.0453125 0.03671875
0 0.6921875 0.41015625 0.0578125 0.03515625
0 0.5390625 0.403125 0.040625 0.0171875
0 0.56484375 0.3625 0.0484375 0.01640625
0 0.57890625 0.32265625 0.0453125 0.0171875
0 0.7046875 0.1984375 0.01171875 0.028125
0 0.71953125 0.315625 0.04453125 0.015625
0 0.94453125 0.2453125 0.05390625 0.0484375
0 0.94140625 0.3296875 0.01640625 0.021875
0 0.89296875 0.37578125 0.0171875 0.021875
0 0.82890625 0.403125 0.04765625 0.0171875
0 0.8296875 0.4296875 0.03984375 0.01484375
0 0.95390625 0.55859375 0.01328125 0.078125
0 0.7921875 0.6640625 0.05390625 0.01640625
0 0.86328125 0.66484375 0.0484375 0.01484375