0 0.1578125 0.15859375 0.0203125 0.0203125
0 0.39765625 0.2296875 0.01875 0.0515625
0 0.4171875 0.26171875 0.0203125 0.0609375
0 0.4265625 0.39140625 0.08125 0.0484375
0 0.47421875 0.41640625 0.01875 0.0546875
0 0.1375 0.42265625 0.096875 0.0484375
0 0.30546875 0.43359375 0.046875 0.0234375
0 0.30859375 0.45703125 0.04375 0.021875
0 0.20390625 0.5234375 0.025 0.0890625
0 0.1203125 0.48515625 0.04375 0.025
0 0.034375 0.4953125 0.0234375 0.028125
0 0.034375 0.6203125 0.0234375 0.065625
0 0.32734375 0.72578125 0.1125 0.034375
0 0.45078125 0.56640625 0.0203125 0.05625
0 0.46484375 0.56328125 0.015625 0.034375
0 0.478125 0.5640625 0.021875 0.059375
0 0.509375 0.63046875 0.021875 0.0625
0 0.58671875 0.69453125 0.053125 0.025
0 0.7203125 0.6671875 0.0640625 0.0265625
0 0.7140625 0.56953125 0.0578125 0.0296875
0 0.69296875 0.48828125 0.0515625 0.04375
0 0.6859375 0.38671875 0.0640625 0.04375
0 0.5296875 0.40234375 0.04375 0.0234375
0 0.55 0.35625 0.0515625 0.0234375
0 0.559375 0.3140625 0.0484375 0.0234375
0 0.66875 0.1703125 0.015625 0.0296875
0 0.7015625 0.28671875 0.0484375 0.0234375
0 0.91953125 0.1828125 0.0625 0.05625
0 0.928125 0.2703125 0.0203125 0.025
0 0.8859375 0.32421875 0.0203125 0.025
0 0.82421875 0.36015625 0.0515625 0.0234375
0 0.82890625 0.3875 0.0421875 0.0203125
0 0.9734375 0.5015625 0.025 0.08125
0 0.82421875 0.63125 0.05625 0.025
0 0.89765625 0.621875 0.0515625 0.021875