0 0.14296875 0.1640625 0.06875 0.03125
0 0.27734375 0.125 0.0203125 0.015625
0 0.3734375 0.159375 0.059375 0.01796875
0 0.41875 0.078125 0.03203125 0.0203125
0 0.45546875 0.165625 0.01484375 0.015625
0 0.54765625 0.27421875 0.0546875 0.04453125
0 0.6328125 0.31484375 0.0921875 0.0171875
0 0.8796875 0.34140625 0.01171875 0.05703125
0 0.90859375 0.34375 0.0140625 0.08125
0 0.93671875 0.346875 0.01171875 0.07265625
0 0.78046875 0.509375 0.03671875 0.01484375
0 0.78203125 0.54296875 0.04375 0.02109375
0 0.78125 0.5828125 0.046875 0.01953125
0 0.715625 0.63125 0.0265625 0.03671875
0 0.84609375 0.6296875 0.028125 0.034375
0 0.87890625 0.64140625 0.0203125 0.06484375
0 0.74765625 0.71328125 0.01953125 0.01484375
0 0.81484375 0.7140625 0.01796875 0.01640625
0 0.4 0.67421875 0.009375 0.0515625
0 0.3515625 0.67578125 0.0140625 0.06875
0 0.23359375 0.675 0.02890625 0.02734375
0 0.15546875 0.68125 0.021875 0.0625
0 0.16953125 0.5484375 0.05078125 0.02265625
0 0.25859375 0.54296875 0.05390625 0.0171875
0 0.3515625 0.44296875 0.009375 0.025
0 0.36640625 0.38671875 0.0109375 0.02734375
0 0.4359375 0.4671875 0.03828125 0.02265625
0 0.13203125 0.3578125 0.071875 0.03203125
0 0.1609375 0.24921875 0.03828125 0.0421875