0 0.1375 0.13515625 0.075 0.034375
0 0.28359375 0.09375 0.021875 0.0171875
0 0.38828125 0.13046875 0.065625 0.01875
0 0.4375 0.0421875 0.034375 0.021875
0 0.47734375 0.13671875 0.015625 0.0171875
0 0.57734375 0.2546875 0.059375 0.046875
0 0.66953125 0.29921875 0.1 0.01875
0 0.9375 0.328125 0.0125 0.0625
0 0.96953125 0.33046875 0.015625 0.0875
0 0.99609375 0.33359375 0.00625 0.078125
0 0.8296875 0.51015625 0.040625 0.015625
0 0.83125 0.54609375 0.046875 0.021875
0 0.83125 0.58984375 0.05 0.021875
0 0.759375 0.6421875 0.028125 0.040625
0 0.90078125 0.640625 0.03125 0.0375
0 0.93671875 0.653125 0.021875 0.0703125
0 0.79453125 0.73125 0.021875 0.015625
0 0.8671875 0.73203125 0.01875 0.01875
0 0.4171875 0.6890625 0.009375 0.05625
0 0.36484375 0.690625 0.015625 0.075
0 0.2359375 0.68984375 0.03125 0.0296875
0 0.1515625 0.696875 0.0234375 0.0671875
0 0.16640625 0.55234375 0.05625 0.025
0 0.26328125 0.54609375 0.059375 0.01875
0 0.36484375 0.43828125 0.009375 0.028125
0 0.38046875 0.3765625 0.0125 0.0296875
0 0.45546875 0.4640625 0.040625 0.025
0 0.1265625 0.3453125 0.078125 0.034375
0 0.1578125 0.228125 0.040625 0.046875