0 0.075 0.17265625 0.075 0.040625
0 0.2109375 0.1171875 0.0234375 0.01875
0 0.31484375 0.1421875 0.0640625 0.025
0 0.353125 0.053125 0.034375 0.025
0 0.4015625 0.13984375 0.0171875 0.0171875
0 0.51015625 0.24296875 0.0625 0.0515625
0 0.60234375 0.2765625 0.0984375 0.028125
0 0.86328125 0.27734375 0.01875 0.0609375
0 0.89375 0.2765625 0.0234375 0.0859375
0 0.92265625 0.2765625 0.0203125 0.0765625
0 0.778125 0.46328125 0.040625 0.0203125
0 0.7828125 0.49765625 0.0484375 0.0265625
0 0.78671875 0.5390625 0.0515625 0.025
0 0.7234375 0.59765625 0.03125 0.040625
0 0.859375 0.58046875 0.0328125 0.0390625
0 0.8953125 0.58984375 0.028125 0.0703125
0 0.76640625 0.67890625 0.021875 0.0171875
0 0.8359375 0.671875 0.0203125 0.01875
0 0.4 0.6765625 0.015625 0.0546875
0 0.34921875 0.6828125 0.021875 0.0734375
0 0.225 0.69609375 0.0328125 0.03125
0 0.1453125 0.7109375 0.0296875 0.0671875
0 0.1453125 0.5703125 0.0546875 0.0296875
0 0.2375 0.55546875 0.0578125 0.0234375
0 0.32421875 0.440625 0.0125 0.028125
0 0.3328125 0.38046875 0.0140625 0.0296875
0 0.4140625 0.45625 0.0421875 0.028125
0 0.08515625 0.37578125 0.078125 0.040625
0 0.103125 0.259375 0.04375 0.0484375