0 0.225 0.07265625 0.0171875 0.0140625
0 0.22421875 0.08828125 0.015625 0.0125
0 0.2234375 0.1 0.015625 0.0109375
0 0.21015625 0.1125 0.0375 0.0140625
0 0.296875 0.13046875 0.0109375 0.046875
0 0.303125 0.20703125 0.0109375 0.0515625
0 0.3140625 0.2140625 0.009375 0.021875
0 0.29296875 0.28515625 0.0171875 0.028125
0 0.240625 0.2859375 0.0359375 0.0125
0 0.209375 0.29609375 0.015625 0.0109375
0 0.128125 0.29140625 0.025 0.0296875
0 0.134375 0.3015625 0.0390625 0.0484375
0 0.11953125 0.19765625 0.009375 0.021875
0 0.1328125 0.1984375 0.009375 0.021875
0 0.1421875 0.1796875 0.009375 0.0203125
0 0.15 0.19921875 0.009375 0.0203125
0 0.209375 0.346875 0.0359375 0.0125
0 0.19453125 0.36171875 0.0140625 0.0109375
0 0.2265625 0.375 0.0109375 0.0125
0 0.27109375 0.3703125 0.034375 0.0140625
0 0.15234375 0.390625 0.009375 0.0171875
0 0.265625 0.425 0.0109375 0.05
0 0.2828125 0.4265625 0.0109375 0.0515625
0 0.1109375 0.44609375 0.0109375 0.05
0 0.125 0.45546875 0.009375 0.0203125
0 0.15 0.48828125 0.0125 0.0109375
0 0.21640625 0.48984375 0.015625 0.0109375
0 0.2015625 0.5015625 0.0359375 0.0125
0 0.203125 0.5140625 0.0140625 0.0109375
0 0.25234375 0.528125 0.0125 0.0109375
0 0.271875 0.50546875 0.009375 0.015625
0 0.2796875 0.51015625 0.009375 0.025
0 0.45234375 0.34921875 0.0171875 0.0125
0 0.4546875 0.3640625 0.0359375 0.0125
0 0.43046875 0.37890625 0.0359375 0.0140625
0 0.39609375 0.3828125 0.0203125 0.0296875
0 0.3734375 0.37109375 0.0109375 0.0515625
0 0.35703125 0.42578125 0.009375 0.0203125
0 0.39453125 0.4375 0.009375 0.0171875
0 0.3828125 0.471875 0.009375 0.015625
0 0.5 0.46328125 0.0109375 0.05
0 0.515625 0.4421875 0.009375 0.021875
0 0.48515625 0.50625 0.0359375 0.0140625
0 0.44765625 0.5203125 0.015625 0.0125
0 0.68125 0.36640625 0.015625 0.0125
0 0.74140625 0.38359375 0.0359375 0.0140625
0 0.69453125 0.39609375 0.0109375 0.0125
0 0.5984375 0.4359375 0.009375 0.01875
0 0.609375 0.44140625 0.009375 0.0171875
0 0.59609375 0.484375 0.009375 0.0203125
0 0.7203125 0.4546875 0.009375 0.0171875
0 0.7375 0.459375 0.009375 0.01875
0 0.75078125 0.45390625 0.009375 0.0203125
0 0.62578125 0.51875 0.0125 0.0125
0 0.66953125 0.53359375 0.015625 0.0125
0 0.7296875 0.52265625 0.034375 0.0140625
0 0.8203125 0.3625 0.0125 0.0125
0 0.871875 0.3765625 0.0140625 0.0125
0 0.91484375 0.39609375 0.0140625 0.0125
0 0.85234375 0.39765625 0.0140625 0.0125
0 0.80625 0.45859375 0.009375 0.021875
0 0.815625 0.4390625 0.009375 0.0171875
0 0.91484375 0.45234375 0.0109375 0.0203125
0 0.93515625 0.45 0.0109375 0.05
0 0.95546875 0.4 0.053125 0.025
0 0.79296875 0.534375 0.009375 0.0171875
0 0.85859375 0.53125 0.015625 0.0125
0 0.8578125 0.54375 0.015625 0.0125
0 0.20625 0.56171875 0.015625 0.0125
0 0.21796875 0.57421875 0.015625 0.0125
0 0.25390625 0.59765625 0.034375 0.0140625
0 0.275 0.58828125 0.009375 0.0171875
0 0.271875 0.66015625 0.009375 0.0171875
0 0.2921875 0.68203125 0.009375 0.0234375
0 0.25390625 0.703125 0.0109375 0.05
0 0.27109375 0.76171875 0.009375 0.01875
0 0.23984375 0.77578125 0.0125 0.0125
0 0.22421875 0.7921875 0.0125 0.0125
0 0.17734375 0.78203125 0.0125 0.0125
0 0.10078125 0.76015625 0.0109375 0.0515625
0 0.09609375 0.68671875 0.009375 0.0203125
0 0.0828125 0.67578125 0.009375 0.0234375
0 0.12265625 0.58046875 0.015625 0.0234375
0 0.14375 0.5828125 0.0125 0.0234375
0 0.1296875 0.64140625 0.01875 0.0296875
0 0.22265625 0.6921875 0.015625 0.0203125
0 0.45390625 0.57890625 0.015625 0.0125
0 0.45234375 0.59375 0.0125 0.0125
0 0.46171875 0.6109375 0.015625 0.0125
0 0.503125 0.59765625 0.0109375 0.0359375
0 0.48984375 0.64453125 0.009375 0.015625
0 0.4984375 0.69140625 0.009375 0.021875
0 0.4875 0.7765625 0.009375 0.0171875
0 0.46953125 0.76640625 0.0109375 0.0125
0 0.44140625 0.76484375 0.0125 0.0125
0 0.65078125 0.59140625 0.015625 0.0125
0 0.6046875 0.62265625 0.0265625 0.0203125
0 0.59609375 0.68125 0.0140625 0.0171875
0 0.59296875 0.73125 0.009375 0.015625
0 0.70078125 0.71328125 0.009375 0.0203125
0 0.721875 0.715625 0.0109375 0.05
0 0.709375 0.72734375 0.009375 0.0171875
0 0.6828125 0.7640625 0.0140625 0.0125
0 0.71328125 0.775 0.034375 0.0140625
0 0.55234375 0.35 0.0859375 0.103125