0 0.12890625 0.10390625 0.0203125 0.0171875
0 0.13125 0.12109375 0.01875 0.0140625
0 0.1328125 0.13359375 0.01875 0.0125
0 0.121875 0.14921875 0.040625 0.0171875
0 0.215625 0.15 0.015625 0.05
0 0.23828125 0.2296875 0.0171875 0.0546875
0 0.25078125 0.234375 0.0109375 0.0234375
0 0.24296875 0.3125 0.0203125 0.0296875
0 0.18828125 0.325 0.0390625 0.0171875
0 0.1578125 0.3421875 0.0171875 0.0140625
0 0.071875 0.35390625 0.0296875 0.034375
0 0.0796875 0.36328125 0.0453125 0.0546875
0 0.04375 0.25625 0.0125 0.0234375
0 0.05703125 0.25546875 0.0109375 0.0234375
0 0.06328125 0.234375 0.0109375 0.021875
0 0.07578125 0.25234375 0.0109375 0.021875
0 0.16796875 0.3953125 0.0390625 0.0171875
0 0.1546875 0.41328125 0.015625 0.0140625
0 0.19140625 0.421875 0.0140625 0.0140625
0 0.2375 0.4078125 0.0375 0.0171875
0 0.1171875 0.45234375 0.0125 0.01875
0 0.24296875 0.465625 0.015625 0.053125
0 0.26171875 0.4640625 0.0171875 0.0546875
0 0.08515625 0.51875 0.015625 0.053125
0 0.10234375 0.52578125 0.0125 0.021875
0 0.134375 0.55546875 0.0140625 0.0140625
0 0.2046875 0.54296875 0.0171875 0.0140625
0 0.1921875 0.559375 0.0390625 0.0171875
0 0.1953125 0.571875 0.015625 0.0140625
0 0.24921875 0.5765625 0.0140625 0.0140625
0 0.26640625 0.54765625 0.009375 0.0171875
0 0.275 0.5515625 0.0125 0.028125
0 0.4234375 0.34765625 0.0203125 0.015625
0 0.42890625 0.3625 0.0390625 0.0171875
0 0.40625 0.38359375 0.0390625 0.0171875
0 0.37109375 0.39453125 0.025 0.0328125
0 0.3453125 0.3875 0.015625 0.0546875
0 0.3390625 0.44765625 0.0125 0.021875
0 0.38046875 0.45234375 0.0109375 0.01875
0 0.375 0.490625 0.0109375 0.01875
0 0.49609375 0.4578125 0.0171875 0.0546875
0 0.5078125 0.43203125 0.0125 0.025
0 0.4890625 0.50625 0.0390625 0.0171875
0 0.45234375 0.528125 0.0171875 0.0140625
0 0.66640625 0.31875 0.01875 0.0140625
0 0.73359375 0.325 0.0390625 0.0171875
0 0.6859375 0.34765625 0.0140625 0.0140625
0 0.59453125 0.40859375 0.0109375 0.0203125
0 0.60703125 0.41328125 0.0125 0.01875
0 0.60078125 0.4609375 0.0109375 0.021875
0 0.725 0.40390625 0.0125 0.01875
0 0.74375 0.4046875 0.0125 0.0203125
0 0.75625 0.396875 0.0125 0.0234375
0 0.6390625 0.490625 0.015625 0.0140625
0 0.68828125 0.496875 0.0171875 0.0140625
0 0.7484375 0.4734375 0.0375 0.0171875
0 0.81015625 0.28671875 0.015625 0.0140625
0 0.8671875 0.290625 0.0171875 0.0140625
0 0.9171875 0.30234375 0.015625 0.0140625
0 0.85234375 0.3171875 0.0171875 0.015625
0 0.81640625 0.390625 0.0109375 0.0234375
0 0.82109375 0.36796875 0.0125 0.0203125
0 0.92890625 0.36171875 0.0125 0.0234375
0 0.94921875 0.35546875 0.0171875 0.0546875
0 0.9546875 0.3 0.046875 0.0296875
0 0.8171875 0.47265625 0.0125 0.01875
0 0.884375 0.45625 0.0171875 0.0140625
0 0.8859375 0.46953125 0.0171875 0.015625
0 0.209375 0.62109375 0.01875 0.0140625
0 0.2234375 0.63203125 0.0171875 0.0140625
0 0.265625 0.6484375 0.0375 0.01875
0 0.28515625 0.63515625 0.0109375 0.0203125
0 0.296875 0.71015625 0.0125 0.01875
0 0.3234375 0.7296875 0.0125 0.025
0 0.2875 0.75859375 0.0171875 0.053125
0 0.31640625 0.8171875 0.0125 0.021875
0 0.28671875 0.8375 0.015625 0.015625
0 0.275 0.85859375 0.015625 0.0140625
0 0.2234375 0.85703125 0.0140625 0.0140625
0 0.1390625 0.85 0.0171875 0.0546875
0 0.11875 0.77421875 0.0125 0.021875
0 0.10234375 0.765625 0.0125 0.025
0 0.125 0.6578125 0.0203125 0.0265625
0 0.14765625 0.65546875 0.015625 0.025
0 0.14453125 0.71953125 0.021875 0.0328125
0 0.2515625 0.75390625 0.01875 0.0234375
0 0.47109375 0.58828125 0.01875 0.0140625
0 0.47265625 0.60390625 0.015625 0.0140625
0 0.4859375 0.61953125 0.0171875 0.0140625
0 0.52734375 0.59765625 0.0140625 0.0390625
0 0.52265625 0.64921875 0.0109375 0.01875
0 0.54140625 0.69765625 0.0109375 0.0234375
0 0.546875 0.7875 0.0109375 0.01875
0 0.52578125 0.78125 0.0140625 0.0140625
0 0.49609375 0.78515625 0.015625 0.015625
0 0.68046875 0.56171875 0.0171875 0.0140625
0 0.63828125 0.60390625 0.0296875 0.0234375
0 0.640625 0.66640625 0.0171875 0.0203125
0 0.64765625 0.71953125 0.0109375 0.01875
0 0.75703125 0.678125 0.0125 0.021875
0 0.7796875 0.67734375 0.0171875 0.0546875
0 0.76953125 0.6921875 0.0109375 0.01875
0 0.7484375 0.7359375 0.015625 0.0140625
0 0.78203125 0.74140625 0.0375 0.0171875
0 0.52890625 0.328125 0.1 0.115625