0 0.20234375 0.090625 0.01640625 0.01328125
0 0.20234375 0.10625 0.015625 0.0109375
0 0.20234375 0.11796875 0.015625 0.009375
0 0.18984375 0.13125 0.03671875 0.01171875
0 0.27734375 0.14453125 0.00859375 0.04609375
0 0.2875 0.2203125 0.00859375 0.05078125
0 0.29765625 0.2265625 0.0078125 0.02109375
0 0.28125 0.2984375 0.01640625 0.0265625
0 0.22890625 0.30234375 0.0359375 0.0109375
0 0.1984375 0.3140625 0.01484375 0.0109375
0 0.1171875 0.31328125 0.02421875 0.028125
0 0.1234375 0.3234375 0.03671875 0.04609375
0 0.10390625 0.2203125 0.00859375 0.02109375
0 0.11640625 0.22109375 0.0078125 0.02109375
0 0.125 0.20234375 0.00859375 0.01953125
0 0.13359375 0.2203125 0.00859375 0.01953125
0 0.20078125 0.36484375 0.03515625 0.0109375
0 0.18671875 0.3796875 0.01328125 0.0109375
0 0.21953125 0.3921875 0.0109375 0.01171875
0 0.26328125 0.38515625 0.03359375 0.01171875
0 0.14609375 0.41015625 0.00859375 0.01640625
0 0.26015625 0.4390625 0.00859375 0.05
0 0.278125 0.43984375 0.00859375 0.05078125
0 0.10859375 0.4671875 0.00859375 0.05
0 0.1234375 0.4765625 0.00859375 0.01953125
0 0.14921875 0.5078125 0.01171875 0.0109375
0 0.215625 0.50546875 0.01484375 0.0109375
0 0.2015625 0.51875 0.03515625 0.0109375
0 0.203125 0.53125 0.0140625 0.0109375
0 0.253125 0.5421875 0.01171875 0.0109375
0 0.271875 0.51796875 0.00703125 0.015625
0 0.2796875 0.52265625 0.00859375 0.025
0 0.4421875 0.353125 0.0171875 0.01171875
0 0.44609375 0.36796875 0.03515625 0.0109375
0 0.42265625 0.38515625 0.034375 0.01171875
0 0.38828125 0.38984375 0.01875 0.028125
0 0.365625 0.3796875 0.00859375 0.05078125
0 0.35234375 0.43515625 0.00859375 0.01953125
0 0.38984375 0.44453125 0.0078125 0.01640625
0 0.3796875 0.4796875 0.0078125 0.015625
0 0.49609375 0.46484375 0.00859375 0.04921875
0 0.51015625 0.4421875 0.00859375 0.021875
0 0.4828125 0.50859375 0.03515625 0.01171875
0 0.446875 0.5234375 0.01484375 0.01171875
0 0.67109375 0.35859375 0.015625 0.01171875
0 0.73203125 0.3734375 0.03515625 0.01171875
0 0.6859375 0.3875 0.0109375 0.01171875
0 0.59296875 0.43203125 0.00859375 0.01796875
0 0.60390625 0.4375 0.00859375 0.01640625
0 0.5921875 0.48125 0.00859375 0.01953125
0 0.7140625 0.44453125 0.00859375 0.01640625
0 0.73125 0.44765625 0.00859375 0.01796875
0 0.74375 0.4421875 0.00859375 0.0203125
0 0.6234375 0.51328125 0.0125 0.01171875
0 0.66796875 0.52578125 0.01484375 0.01171875
0 0.72734375 0.51171875 0.03359375 0.01171875
0 0.80859375 0.34765625 0.0125 0.01171875
0 0.86015625 0.35859375 0.0140625 0.01171875
0 0.9046875 0.37578125 0.01328125 0.01171875
0 0.84296875 0.38125 0.0140625 0.0125
0 0.8 0.44453125 0.00859375 0.02109375
0 0.8078125 0.42421875 0.00859375 0.0171875
0 0.9078125 0.43203125 0.009375 0.0203125
0 0.92734375 0.42890625 0.00859375 0.04921875
0 0.9453125 0.37890625 0.0515625 0.02265625
0 0.790625 0.51953125 0.00859375 0.01640625
0 0.8546875 0.51328125 0.01484375 0.01171875
0 0.8546875 0.52578125 0.01484375 0.0125
0 0.209375 0.578125 0.01484375 0.01171875
0 0.22109375 0.58984375 0.01484375 0.01171875
0 0.2578125 0.61015625 0.03359375 0.0125
0 0.278125 0.60078125 0.00859375 0.0171875
0 0.27890625 0.671875 0.00859375 0.01640625
0 0.30078125 0.69296875 0.00859375 0.021875
0 0.2640625 0.715625 0.00859375 0.04921875
0 0.28359375 0.77265625 0.00859375 0.01875
0 0.253125 0.78828125 0.0125 0.0125
0 0.2390625 0.80625 0.0125 0.01171875
0 0.1921875 0.79765625 0.01171875 0.01171875
0 0.11484375 0.78046875 0.00859375 0.05078125
0 0.10625 0.7078125 0.00859375 0.0203125
0 0.09296875 0.69765625 0.00859375 0.021875
0 0.12734375 0.60078125 0.01484375 0.0234375
0 0.1484375 0.6015625 0.0109375 0.02265625
0 0.13671875 0.6609375 0.0171875 0.028125
0 0.23203125 0.70625 0.01484375 0.0203125
0 0.45546875 0.58203125 0.015625 0.01171875
0 0.45546875 0.596875 0.0125 0.01171875
0 0.465625 0.6125 0.01484375 0.01171875
0 0.50625 0.5984375 0.00859375 0.03515625
0 0.4953125 0.64453125 0.0078125 0.015625
0 0.50625 0.6921875 0.00859375 0.02109375
0 0.5 0.77578125 0.00859375 0.01640625
0 0.48125 0.7671875 0.0109375 0.01171875
0 0.453125 0.7671875 0.0125 0.0125
0 0.65234375 0.584375 0.01484375 0.01171875
0 0.60859375 0.61796875 0.02421875 0.01875
0 0.60234375 0.6765625 0.01328125 0.0171875
0 0.60234375 0.72578125 0.0078125 0.015625
0 0.7078125 0.70234375 0.00859375 0.0203125
0 0.7296875 0.70390625 0.00859375 0.05
0 0.71796875 0.71640625 0.00859375 0.01640625
0 0.6921875 0.75390625 0.01328125 0.01171875
0 0.7234375 0.76328125 0.03359375 0.01171875
0 0.5421875 0.34921875 0.08125 0.09765625