0 0.38203125 0.08671875 0.05 0.025
0 0.37890625 0.11171875 0.0296875 0.015625
0 0.41875 0.146875 0.05625 0.0328125
0 0.50234375 0.16875 0.01875 0.028125
0 0.22265625 0.19453125 0.0140625 0.025
0 0.6421875 0.0890625 0.0671875 0.0609375
0 0.79375 0.0890625 0.028125 0.0375
0 0.64296875 0.13671875 0.028125 0.0328125
0 0.64375 0.17265625 0.0265625 0.03125
0 0.6484375 0.21875 0.028125 0.0359375
0 0.7 0.24296875 0.0203125 0.028125
0 0.71796875 0.22734375 0.0203125 0.028125
0 0.7484375 0.25 0.0234375 0.0265625
0 0.8078125 0.165625 0.0203125 0.0296875
0 0.82734375 0.16875 0.0203125 0.0265625
0 0.81171875 0.259375 0.0234375 0.028125
0 0.36171875 0.2703125 0.0265625 0.015625
0 0.3609375 0.284375 0.021875 0.0140625
0 0.50078125 0.31484375 0.03125 0.075
0 0.4875 0.5125 0.0125 0.03125
0 0.43046875 0.7 0.0328125 0.0765625
0 0.29765625 0.69296875 0.05 0.0234375
0 0.18046875 0.65390625 0.0296875 0.0390625
0 0.2109375 0.6453125 0.025 0.034375
0 0.2359375 0.65390625 0.025 0.0359375
0 0.17109375 0.4671875 0.0109375 0.0265625
0 0.15625 0.46875 0.0203125 0.06875
0 0.20859375 0.35546875 0.0234375 0.0265625
0 0.2125 0.325 0.025 0.0328125
0 0.10234375 0.2953125 0.01875 0.021875
0 0.053125 0.45234375 0.0234375 0.06875
0 0.08125 0.45703125 0.0125 0.028125
0 0.56015625 0.35078125 0.0171875 0.0140625
0 0.62265625 0.34609375 0.01875 0.0140625
0 0.50078125 0.68046875 0.0375 0.040625
0 0.53359375 0.690625 0.0234375 0.028125
0 0.58984375 0.69765625 0.0375 0.028125
0 0.8140625 0.3359375 0.0203125 0.0140625
0 0.8125 0.3515625 0.0234375 0.015625
0 0.8109375 0.3671875 0.0234375 0.015625
0 0.8078125 0.38125 0.0203125 0.0140625
0 0.6375 0.53515625 0.0140625 0.03125
0 0.64921875 0.5359375 0.0125 0.028125
0 0.91484375 0.575 0.0125 0.0265625
0 0.92734375 0.57578125 0.0125 0.0296875
0 0.9421875 0.57734375 0.0125 0.03125
0 0.95703125 0.5796875 0.0140625 0.0296875
0 0.75703125 0.72578125 0.0203125 0.015625
0 0.7546875 0.74453125 0.0203125 0.015625