0 0.328125 0.10625 0.04609375 0.0171875
0 0.328125 0.13125 0.028125 0.01171875
0 0.371875 0.16015625 0.0515625 0.02421875
0 0.4546875 0.1703125 0.01484375 0.02578125
0 0.1890625 0.23203125 0.0109375 0.02265625
0 0.57890625 0.07421875 0.059375 0.05078125
0 0.725 0.05390625 0.0234375 0.034375
0 0.58671875 0.11953125 0.02265625 0.0296875
0 0.5921875 0.15390625 0.02265625 0.028125
0 0.60234375 0.1984375 0.02265625 0.0328125
0 0.65625 0.21484375 0.01640625 0.02578125
0 0.67109375 0.19765625 0.01640625 0.02578125
0 0.703125 0.21484375 0.01953125 0.0234375
0 0.75 0.125 0.0171875 0.0265625
0 0.76875 0.12578125 0.01640625 0.02421875
0 0.76640625 0.215625 0.01875 0.025
0 0.3328125 0.28671875 0.02421875 0.0125
0 0.33359375 0.30078125 0.0203125 0.0109375
0 0.4734375 0.3109375 0.02109375 0.07109375
0 0.48671875 0.503125 0.00703125 0.02890625
0 0.45859375 0.6921875 0.021875 0.07265625
0 0.328125 0.70390625 0.04609375 0.015625
0 0.209375 0.68203125 0.02421875 0.03515625
0 0.2390625 0.66953125 0.0203125 0.03046875
0 0.2640625 0.67421875 0.01953125 0.0328125
0 0.17578125 0.50234375 0.00703125 0.025
0 0.1625 0.50625 0.0109375 0.065625
0 0.196875 0.38984375 0.0203125 0.0234375
0 0.19609375 0.359375 0.0203125 0.02890625
0 0.0859375 0.34609375 0.01640625 0.0203125
0 0.06015625 0.50390625 0.01484375 0.06640625
0 0.0875 0.5046875 0.00859375 0.0265625
0 0.5359375 0.3375 0.015625 0.01171875
0 0.5953125 0.32421875 0.01640625 0.0125
0 0.52265625 0.66484375 0.0328125 0.03515625
0 0.55625 0.66953125 0.01875 0.02421875
0 0.6109375 0.66875 0.034375 0.0234375
0 0.77890625 0.28828125 0.01875 0.0109375
0 0.7796875 0.3046875 0.021875 0.0125
0 0.7796875 0.31953125 0.02109375 0.0125
0 0.778125 0.334375 0.01875 0.0109375
0 0.6359375 0.50546875 0.009375 0.02890625
0 0.646875 0.5046875 0.00859375 0.02734375
0 0.9078125 0.50546875 0.00859375 0.02578125
0 0.9203125 0.5046875 0.00859375 0.028125
0 0.934375 0.5046875 0.00703125 0.0296875
0 0.95 0.5046875 0.009375 0.028125
0 0.7765625 0.671875 0.01875 0.01171875
0 0.7765625 0.69140625 0.01875 0.01171875