0 0.38984375 0.08125 0.05 0.025
0 0.38671875 0.10703125 0.0296875 0.015625
0 0.42734375 0.1421875 0.05625 0.0328125
0 0.51015625 0.16484375 0.01875 0.028125
0 0.23125 0.18984375 0.0140625 0.025
0 0.65 0.08515625 0.0671875 0.0609375
0 0.8015625 0.08515625 0.028125 0.0375
0 0.65078125 0.13203125 0.028125 0.0328125
0 0.6515625 0.16796875 0.0265625 0.03125
0 0.65625 0.2140625 0.028125 0.0359375
0 0.70859375 0.2390625 0.0203125 0.028125
0 0.72578125 0.2234375 0.0203125 0.028125
0 0.75625 0.24453125 0.0234375 0.0265625
0 0.815625 0.16015625 0.0203125 0.0296875
0 0.83515625 0.16484375 0.0203125 0.0265625
0 0.8203125 0.2546875 0.0234375 0.028125
0 0.36953125 0.265625 0.0265625 0.015625
0 0.36796875 0.28046875 0.021875 0.0140625
0 0.50859375 0.31015625 0.03125 0.075
0 0.4953125 0.5078125 0.0125 0.03125
0 0.4390625 0.69609375 0.0328125 0.0765625
0 0.30546875 0.6890625 0.05 0.0234375
0 0.1875 0.64921875 0.0296875 0.0390625
0 0.21875 0.64140625 0.025 0.034375
0 0.24375 0.64921875 0.025 0.0359375
0 0.17890625 0.4625 0.0109375 0.0265625
0 0.16484375 0.46484375 0.0203125 0.06875
0 0.21640625 0.3515625 0.0234375 0.0265625
0 0.2203125 0.3203125 0.025 0.0328125
0 0.109375 0.290625 0.01875 0.021875
0 0.0609375 0.44765625 0.0234375 0.06875
0 0.0890625 0.4515625 0.0125 0.028125
0 0.56796875 0.3453125 0.0171875 0.0140625
0 0.63125 0.34140625 0.01875 0.0140625
0 0.50859375 0.6765625 0.0375 0.040625
0 0.54140625 0.68671875 0.0234375 0.028125
0 0.59765625 0.69375 0.0375 0.028125
0 0.821875 0.33046875 0.0203125 0.0140625
0 0.8203125 0.346875 0.0234375 0.015625
0 0.81796875 0.3625 0.0234375 0.015625
0 0.815625 0.37734375 0.0203125 0.0140625
0 0.64609375 0.53046875 0.0140625 0.03125
0 0.6578125 0.53203125 0.0125 0.028125
0 0.92265625 0.5703125 0.0125 0.0265625
0 0.9359375 0.571875 0.0125 0.0296875
0 0.95 0.57265625 0.0125 0.03125
0 0.965625 0.57578125 0.0140625 0.0296875
0 0.765625 0.7203125 0.0203125 0.015625
0 0.7625 0.740625 0.0203125 0.015625