0 0.11328125 0.090625 0.0609375 0.021875
0 0.02734375 0.11953125 0.0140625 0.0265625
0 0.00546875 0.271875 0.0109375 0.028125
0 0.0234375 0.271875 0.0125 0.0296875
0 0.0375 0.27109375 0.0140625 0.03125
0 0.2859375 0.175 0.0140625 0.03125
0 0.29140625 0.25390625 0.0140625 0.03125
0 0.2859375 0.1 0.025 0.0296875
0 0.36171875 0.30078125 0.1015625 0.04375
0 0.36484375 0.33671875 0.0546875 0.0265625
0 0.1796875 0.41015625 0.0234375 0.01875
0 0.1828125 0.428125 0.021875 0.015625
0 0.18359375 0.44453125 0.021875 0.015625
0 0.31015625 0.40078125 0.0234375 0.01875
0 0.41484375 0.396875 0.015625 0.0140625
0 0.415625 0.41796875 0.028125 0.0203125
0 0.415625 0.43828125 0.0171875 0.015625
0 0.53515625 0.06875 0.0421875 0.03125
0 0.81171875 0.2203125 0.01875 0.0515625
0 0.684375 0.384375 0.0375 0.025
0 0.6046875 0.428125 0.0328125 0.0234375
0 0.19296875 0.5078125 0.03125 0.0203125
0 0.19375 0.53359375 0.0203125 0.015625
0 0.0421875 0.72578125 0.015625 0.0390625
0 0.0578125 0.72421875 0.0125 0.028125
0 0.33359375 0.76015625 0.0125 0.0265625
0 0.16328125 0.8875 0.0203125 0.015625
0 0.1421875 0.86328125 0.028125 0.034375
0 0.35234375 0.87109375 0.046875 0.05
0 0.22265625 0.93125 0.0375 0.025
0 0.1015625 0.9703125 0.0125 0.021875
0 0.28125 0.9625 0.025 0.0203125
0 0.38515625 0.98671875 0.034375 0.0203125
0 0.384375 0.996875 0.053125 0.00625
0 0.48125 0.8734375 0.025 0.0265625
0 0.4515625 0.83671875 0.015625 0.0328125
0 0.42578125 0.69765625 0.01875 0.053125
0 0.425 0.5328125 0.0171875 0.015625
0 0.52109375 0.58984375 0.028125 0.0171875
0 0.65703125 0.56484375 0.028125 0.0171875