0 0.1734375 0.0703125 0.05546875 0.01640625
0 0.0921875 0.09140625 0.0109375 0.0234375
0 0.06328125 0.23125 0.01015625 0.02578125
0 0.0796875 0.23125 0.01015625 0.02734375
0 0.0921875 0.23125 0.0109375 0.02890625
0 0.32734375 0.159375 0.0109375 0.02890625
0 0.32734375 0.23125 0.0109375 0.028125
0 0.33203125 0.08984375 0.02109375 0.0265625
0 0.3890625 0.27890625 0.0921875 0.03359375
0 0.3890625 0.3125 0.04921875 0.02109375
0 0.2140625 0.36875 0.0203125 0.015625
0 0.215625 0.38515625 0.01875 0.0140625
0 0.215625 0.40078125 0.01875 0.0140625
0 0.334375 0.36796875 0.0203125 0.01640625
0 0.43046875 0.37109375 0.0125 0.0125
0 0.43125 0.39140625 0.02421875 0.0171875
0 0.4296875 0.409375 0.015625 0.01328125
0 0.5625 0.0765625 0.03671875 0.0265625
0 0.8078125 0.234375 0.0140625 0.046875
0 0.68046875 0.37734375 0.03359375 0.0203125
0 0.603125 0.4125 0.0296875 0.01953125
0 0.21953125 0.46015625 0.02734375 0.01640625
0 0.21953125 0.4828125 0.0171875 0.01328125
0 0.0671875 0.64921875 0.0125 0.03515625
0 0.08203125 0.65 0.01015625 0.025
0 0.3328125 0.7 0.009375 0.02421875
0 0.16796875 0.80625 0.0171875 0.01328125
0 0.15078125 0.7828125 0.02421875 0.03046875
0 0.34296875 0.803125 0.040625 0.04375
0 0.21953125 0.85078125 0.03359375 0.0203125
0 0.10625 0.87890625 0.01015625 0.0203125
0 0.271875 0.8828125 0.021875 0.01640625
0 0.36640625 0.91171875 0.03046875 0.0171875
0 0.365625 0.92734375 0.04765625 0.01484375
0 0.46171875 0.81328125 0.02109375 0.02265625
0 0.43671875 0.778125 0.0125 0.02890625
0 0.421875 0.6484375 0.0140625 0.04765625
0 0.43203125 0.496875 0.0140625 0.0140625
0 0.51640625 0.55625 0.025 0.01484375
0 0.64375 0.54140625 0.025 0.01484375