0 0.14765625 0.10078125 0.025 0.0203125
0 0.2359375 0.09296875 0.0484375 0.0328125
0 0.38984375 0.0625 0.01875 0.0578125
0 0.4234375 0.18828125 0.01875 0.0640625
0 0.42734375 0.28984375 0.0859375 0.046875
0 0.125 0.36875 0.121875 0.053125
0 0.07578125 0.42265625 0.0453125 0.021875
0 0.30234375 0.36171875 0.046875 0.021875
0 0.3078125 0.3953125 0.0453125 0.021875
0 0.33984375 0.41171875 0.0265625 0.0203125
0 0.4359375 0.3625 0.046875 0.065625
0 0.5125 0.309375 0.046875 0.021875
0 0.51328125 0.35390625 0.0578125 0.0234375
0 0.715625 0.35546875 0.0515625 0.025
0 0.85546875 0.30546875 0.0515625 0.0234375
0 0.86171875 0.3296875 0.0453125 0.0234375
0 0.80703125 0.24609375 0.0453125 0.021875
0 0.93984375 0.0859375 0.021875 0.05625
0 0.9390625 0.18203125 0.01875 0.0265625
0 0.88828125 0.2484375 0.0203125 0.0265625
0 0.01640625 0.4953125 0.0140625 0.0171875
0 0.025 0.59296875 0.021875 0.071875
0 0.19453125 0.4828125 0.021875 0.0796875
0 0.31484375 0.69453125 0.109375 0.0328125
0 0.58671875 0.64609375 0.0515625 0.025
0 0.47109375 0.528125 0.021875 0.0671875
0 0.4875 0.521875 0.015625 0.034375
0 0.50234375 0.51640625 0.0203125 0.0640625
0 0.53515625 0.47578125 0.01875 0.0546875
0 0.55859375 0.4875 0.0203125 0.0546875
0 0.73359375 0.5125 0.0203125 0.0578125
0 0.72734375 0.65859375 0.021875 0.0765625
0 0.85859375 0.609375 0.0609375 0.028125
0 0.94921875 0.596875 0.0578125 0.028125