0 0.209375 0.13828125 0.02109375 0.01640625
0 0.28984375 0.14296875 0.040625 0.025
0 0.4328125 0.13515625 0.01015625 0.0515625
0 0.44765625 0.2515625 0.01015625 0.05703125
0 0.4375 0.34453125 0.0734375 0.03203125
0 0.15546875 0.37734375 0.10625 0.03359375
0 0.10390625 0.41953125 0.03984375 0.01484375
0 0.315625 0.39375 0.04140625 0.01484375
0 0.31640625 0.42421875 0.03984375 0.01484375
0 0.34375 0.44296875 0.021875 0.01484375
0 0.4359375 0.4109375 0.0359375 0.0546875
0 0.51171875 0.37265625 0.040625 0.01484375
0 0.50703125 0.41328125 0.0515625 0.01484375
0 0.68984375 0.43984375 0.0453125 0.0171875
0 0.821875 0.4125 0.0453125 0.015625
0 0.825 0.4359375 0.03984375 0.015625
0 0.78515625 0.353125 0.03984375 0.01484375
0 0.946875 0.225 0.05390625 0.04921875
0 0.9125 0.31171875 0.01484375 0.021875
0 0.85859375 0.365625 0.015625 0.02265625
0 0.040625 0.478125 0.01171875 0.0140625
0 0.0359375 0.56640625 0.0109375 0.0640625
0 0.203125 0.4890625 0.0109375 0.07109375
0 0.28515625 0.6953125 0.09921875 0.015625
0 0.5359375 0.6859375 0.04453125 0.01640625
0 0.446875 0.5640625 0.0109375 0.06015625
0 0.46171875 0.5609375 0.01015625 0.0296875
0 0.4765625 0.5578125 0.0109375 0.05703125
0 0.51171875 0.52578125 0.0109375 0.0484375
0 0.53046875 0.5390625 0.0109375 0.0484375
0 0.6859375 0.58359375 0.0109375 0.05078125
0 0.66171875 0.715625 0.0109375 0.06875
0 0.95078125 0.56171875 0.0109375 0.05625
0 0.7859375 0.6875 0.05390625 0.01875
0 0.86953125 0.6875 0.0515625 0.01875