0 0.0671875 0.1609375 0.0796875 0.034375
0 0.0890625 0.25234375 0.053125 0.0578125
0 0.05625 0.371875 0.08125 0.0359375
0 0.1921875 0.5765625 0.05625 0.01875
0 0.16640625 0.721875 0.0375 0.03125
0 0.08046875 0.728125 0.0234375 0.0703125
0 0.296875 0.71875 0.0125 0.05625
0 0.34921875 0.71875 0.0125 0.05625
0 0.2953125 0.46796875 0.0125 0.0328125
0 0.31171875 0.4046875 0.0125 0.034375
0 0.609375 0.3359375 0.10625 0.0359375
0 0.76796875 0.53828125 0.0421875 0.01875
0 0.7671875 0.5765625 0.0453125 0.015625
0 0.7671875 0.62109375 0.0453125 0.015625
0 0.87578125 0.35546875 0.0125 0.0625
0 0.9078125 0.35859375 0.0125 0.0625
0 0.93984375 0.35859375 0.0125 0.0625
0 0.87578125 0.68515625 0.025 0.06875
0 0.83984375 0.67109375 0.03125 0.04375
0 0.69375 0.67265625 0.03125 0.040625
0 0.803125 0.765625 0.01875 0.0171875
0 0.73125 0.765625 0.01875 0.0171875
0 0.41015625 0.1609375 0.01875 0.0171875
0 0.36953125 0.06484375 0.01875 0.015625
0 0.2140625 0.1171875 0.025 0.0171875
0 0.3171875 0.15390625 0.0578125 0.01875