0 0.0375 0.1359375 0.0125 0.03125
0 0.05078125 0.13671875 0.0140625 0.0328125
0 0.3140625 0.07578125 0.0140625 0.0328125
0 0.3078125 0.1546875 0.0140625 0.0328125
0 0.3234375 0.0078125 0.025 0.015625
0 0.371875 0.21171875 0.1046875 0.04375
0 0.3703125 0.2484375 0.0546875 0.0265625
0 0.1734375 0.29609375 0.0234375 0.01875
0 0.17421875 0.3140625 0.021875 0.015625
0 0.17265625 0.33125 0.021875 0.0171875
0 0.30546875 0.3046875 0.0234375 0.0203125
0 0.4109375 0.315625 0.015625 0.0140625
0 0.409375 0.3375 0.028125 0.0203125
0 0.40625 0.3578125 0.0171875 0.015625
0 0.57734375 0.0109375 0.040625 0.0171875
0 0.834375 0.1953125 0.01875 0.053125
0 0.68359375 0.34140625 0.0375 0.025
0 0.59765625 0.37421875 0.0328125 0.0234375
0 0.17265625 0.39609375 0.03125 0.0203125
0 0.17109375 0.421875 0.0203125 0.015625
0 0.00703125 0.59375 0.0125 0.028125
0 0.278125 0.66796875 0.0125 0.0265625
0 0.08984375 0.771875 0.0203125 0.015625
0 0.07265625 0.7453125 0.028125 0.0359375
0 0.28125 0.78203125 0.0484375 0.05
0 0.14296875 0.82421875 0.0375 0.025
0 0.0171875 0.846875 0.0125 0.021875
0 0.19765625 0.86328125 0.025 0.0203125
0 0.2984375 0.90234375 0.034375 0.0203125
0 0.296875 0.91953125 0.053125 0.01875
0 0.41171875 0.803125 0.025 0.0265625
0 0.38671875 0.7625 0.015625 0.0328125
0 0.38046875 0.61953125 0.01875 0.053125
0 0.40234375 0.45390625 0.0171875 0.015625
0 0.490625 0.525 0.028125 0.0171875
0 0.63125 0.51875 0.0296875 0.0171875