0 0.1703125 0.06484375 0.0828125 0.0453125
0 0.17734375 0.15703125 0.0609375 0.0640625
0 0.1265625 0.26875 0.084375 0.046875
0 0.228125 0.4890625 0.0578125 0.028125
0 0.18046875 0.62734375 0.040625 0.0359375
0 0.09609375 0.6203125 0.034375 0.071875
0 0.30859375 0.64375 0.021875 0.0578125
0 0.359375 0.6515625 0.0203125 0.0578125
0 0.3453125 0.3984375 0.0171875 0.034375
0 0.37109375 0.33984375 0.0171875 0.034375
0 0.671875 0.31953125 0.1109375 0.0515625
0 0.79609375 0.540625 0.04375 0.025
0 0.7890625 0.578125 0.046875 0.0234375
0 0.78203125 0.62109375 0.046875 0.0234375
0 0.92890625 0.3796875 0.021875 0.0640625
0 0.96015625 0.38671875 0.0234375 0.0640625
0 0.9890625 0.39140625 0.021875 0.0640625
0 0.87890625 0.7015625 0.0359375 0.071875
0 0.84609375 0.68125 0.0375 0.0484375
0 0.703125 0.66015625 0.0359375 0.0453125
0 0.79453125 0.76796875 0.0203125 0.01875
0 0.725 0.75703125 0.0203125 0.01875
0 0.5046875 0.11796875 0.0203125 0.0203125
0 0.48046875 0.01796875 0.0203125 0.01875
0 0.3203125 0.04453125 0.0265625 0.0203125
0 0.41640625 0.09609375 0.059375 0.0265625