0 0.0640625 0.56875 0.0203125 0.03203125
0 0.06171875 0.65703125 0.02109375 0.01796875
0 0.0859375 0.68125 0.059375 0.0109375
0 0.24375 0.671875 0.0078125 0.0515625
0 0.078125 0.63046875 0.0078125 0.03125
0 0.07109375 0.6328125 0.009375 0.07265625
0 0.05390625 0.56328125 0.0078125 0.040625
0 0.0859375 0.52109375 0.0328125 0.0203125
0 0.09921875 0.51484375 0.028125 0.0265625
0 0.2875 0.58984375 0.02109375 0.01796875
0 0.2734375 0.5921875 0.00625 0.0359375
0 0.2984375 0.521875 0.028125 0.0171875
0 0.315625 0.51484375 0.02734375 0.0265625
0 0.240625 0.52265625 0.03671875 0.028125
0 0.46796875 0.51875 0.04140625 0.03125
0 0.45546875 0.68125 0.0296875 0.01796875
0 0.6078125 0.5046875 0.12265625 0.046875
0 0.59375 0.5171875 0.05390625 0.05
0 0.64609375 0.51328125 0.03984375 0.03359375
0 0.51953125 0.54296875 0.0125 0.06484375
0 0.51484375 0.58359375 0.0234375 0.04453125
0 0.51328125 0.6078125 0.0234375 0.03203125
0 0.51796875 0.63984375 0.009375 0.0671875
0 0.56484375 0.70234375 0.0734375 0.01015625
0 0.62265625 0.69453125 0.03828125 0.009375
0 0.6609375 0.67265625 0.0734375 0.059375
0 0.7015625 0.61484375 0.01015625 0.0625
0 0.70859375 0.578125 0.00703125 0.0671875
0 0.828125 0.5671875 0.07578125 0.04453125
0 0.76953125 0.65625 0.0140625 0.0875
0 0.78515625 0.56171875 0.034375 0.1125
0 0.81796875 0.63671875 0.05390625 0.0640625
0 0.2421875 0.24765625 0.04609375 0.17421875
0 0.26015625 0.228125 0.05859375 0.04765625
0 0.26328125 0.2015625 0.02578125 0.0421875
0 0.25703125 0.3046875 0.01796875 0.04140625
0 0.29453125 0.14921875 0.03046875 0.05625
0 0.37890625 0.13203125 0.03203125 0.02265625
0 0.38203125 0.1609375 0.0359375 0.0265625
0 0.3484375 0.359375 0.03359375 0.015625
0 0.34609375 0.37265625 0.03828125 0.01015625
0 0.3734375 0.359375 0.02109375 0.0671875
0 0.390625 0.2484375 0.03203125 0.1921875
0 0.51484375 0.353125 0.0359375 0.05390625
0 0.51015625 0.246875 0.0328125 0.1640625
0 0.50859375 0.24765625 0.04609375 0.2015625
0 0.51640625 0.2484375 0.02890625 0.13671875
0 0.5203125 0.22578125 0.0265625 0.01875
0 0.60703125 0.4015625 0.13984375 0.03828125
0 0.54375 0.3625 0.0265625 0.02890625
0 0.6078125 0.371875 0.121875 0.04296875
0 0.6078125 0.1078125 0.15703125 0.07578125
0 0.60703125 0.11328125 0.13984375 0.0625
0 0.6078125 0.11875 0.121875 0.05546875
0 0.6078125 0.12421875 0.0828125 0.046875
0 0.81484375 0.12578125 0.065625 0.034375
0 0.8453125 0.128125 0.03828125 0.03671875
0 0.88984375 0.1265625 0.0546875 0.03671875
0 0.92578125 0.13828125 0.02109375 0.04609375
0 0.81328125 0.20234375 0.02890625 0.05390625
0 0.92734375 0.2390625 0.021875 0.0796875
0 0.925 0.278125 0.0125 0.05234375
0 0.80390625 0.33984375 0.02734375 0.03125
0 0.89140625 0.35078125 0.03828125 0.03359375
0 0.9 0.36640625 0.03203125 0.02578125
0 0.69765625 0.14921875 0.02578125 0.0296875
0 0.55546875 0.17421875 0.01796875 0.02890625
0 0.56953125 0.16953125 0.021875 0.0234375
0 0.54765625 0.18984375 0.01875 0.02265625