0 0.065625 0.65859375 0.025 0.0359375
0 0.07421875 0.75390625 0.025 0.021875
0 0.10234375 0.77734375 0.065625 0.01875
0 0.27109375 0.7484375 0.0140625 0.05625
0 0.08828125 0.7234375 0.0125 0.034375
0 0.08046875 0.72734375 0.01875 0.078125
0 0.0546875 0.65390625 0.0125 0.04375
0 0.084375 0.6046875 0.0375 0.025
0 0.09765625 0.596875 0.0328125 0.03125
0 0.30859375 0.65625 0.025 0.021875
0 0.29296875 0.6609375 0.0109375 0.0390625
0 0.31171875 0.58203125 0.03125 0.021875
0 0.3296875 0.57265625 0.0328125 0.03125
0 0.25 0.5890625 0.0421875 0.034375
0 0.49375 0.559375 0.0484375 0.0375
0 0.49921875 0.7359375 0.034375 0.0234375
0 0.6421875 0.52890625 0.1359375 0.0640625
0 0.62890625 0.54375 0.0625 0.059375
0 0.684375 0.534375 0.046875 0.040625
0 0.5515625 0.5796875 0.021875 0.071875
0 0.55078125 0.6234375 0.0296875 0.05
0 0.55234375 0.65 0.028125 0.0375
0 0.5609375 0.68359375 0.0171875 0.0734375
0 0.61796875 0.7453125 0.0796875 0.01875
0 0.67890625 0.73125 0.0421875 0.0140625
0 0.71875 0.703125 0.0859375 0.071875
0 0.75546875 0.6359375 0.0171875 0.0671875
0 0.75859375 0.59609375 0.015625 0.071875
0 0.88515625 0.57109375 0.0859375 0.05625
0 0.8328125 0.6734375 0.025 0.0953125
0 0.8390625 0.56953125 0.05 0.125
0 0.8828125 0.646875 0.0640625 0.075
0 0.221875 0.29453125 0.06875 0.1921875
0 0.23828125 0.27109375 0.06875 0.0578125
0 0.2390625 0.2421875 0.0328125 0.0484375
0 0.24375 0.35390625 0.0234375 0.046875
0 0.265625 0.1828125 0.0390625 0.0640625
0 0.3546875 0.1546875 0.0359375 0.028125
0 0.3609375 0.18515625 0.0421875 0.0328125
0 0.34765625 0.40234375 0.0375 0.0203125
0 0.346875 0.4171875 0.0421875 0.015625
0 0.37421875 0.39921875 0.0296875 0.075
0 0.38125 0.278125 0.05625 0.209375
0 0.52578125 0.37734375 0.04375 0.0609375
0 0.5078125 0.26328125 0.053125 0.1796875
0 0.50703125 0.2640625 0.071875 0.221875
0 0.515625 0.2640625 0.046875 0.15
0 0.51640625 0.23984375 0.0296875 0.0234375
0 0.6296875 0.41796875 0.1546875 0.05625
0 0.55703125 0.384375 0.03125 0.034375
0 0.62734375 0.3859375 0.1359375 0.059375
0 0.59765625 0.103125 0.1765625 0.1
0 0.596875 0.10859375 0.1578125 0.0828125
0 0.5984375 0.11484375 0.1375 0.0734375
0 0.59921875 0.12109375 0.0953125 0.059375
0 0.821875 0.09921875 0.075 0.0453125
0 0.8546875 0.0984375 0.0453125 0.04375
0 0.9015625 0.09140625 0.0625 0.0453125
0 0.940625 0.09921875 0.028125 0.0515625
0 0.82890625 0.18203125 0.0375 0.0609375
0 0.9546875 0.20859375 0.0328125 0.0875
0 0.95703125 0.25 0.0203125 0.0578125
0 0.83359375 0.3296875 0.0328125 0.0359375
0 0.928125 0.33125 0.0453125 0.040625
0 0.940625 0.346875 0.0375 0.03125
0 0.6984375 0.1375 0.03125 0.034375
0 0.54921875 0.1796875 0.0234375 0.0328125
0 0.56328125 0.1734375 0.0265625 0.0265625
0 0.5421875 0.19765625 0.0234375 0.0265625