0 0.053125 0.27578125 0.0234375 0.0171875
0 0.11484375 0.27734375 0.01875 0.015625
0 0.353125 0.790625 0.0390625 0.0375
0 0.24140625 0.87890625 0.0265625 0.0625
0 0.2328125 0.91953125 0.0203125 0.040625
0 0.3703125 0.9890625 0.0265625 0.021875
0 0.52421875 0.940625 0.0921875 0.0578125
0 0.13203125 0.9703125 0.0234375 0.0296875
0 0.1 0.93125 0.0234375 0.0265625
0 0.06953125 0.884375 0.05625 0.065625
0 0.34765625 0.76015625 0.021875 0.01875
0 0.346875 0.725 0.040625 0.0359375
0 0.3421875 0.6828125 0.0640625 0.0484375
0 0.340625 0.65078125 0.0265625 0.0203125
0 0.33828125 0.61328125 0.028125 0.021875
0 0.390625 0.60859375 0.0265625 0.021875
0 0.384375 0.63671875 0.0265625 0.0203125
0 0.45234375 0.6140625 0.0171875 0.0359375
0 0.21484375 0.5703125 0.0140625 0.034375
0 0.1875 0.55234375 0.04375 0.040625
0 0.1921875 0.6109375 0.046875 0.0375
0 0.20625 0.46796875 0.0171875 0.040625
0 0.30390625 0.36796875 0.015625 0.0265625
0 0.35703125 0.44453125 0.025 0.0203125
0 0.434375 0.42265625 0.040625 0.0859375
0 0.4703125 0.42109375 0.03125 0.0578125
0 0.5015625 0.42109375 0.0171875 0.0421875
0 0.52734375 0.41953125 0.015625 0.028125
0 0.15703125 0.371875 0.1171875 0.0578125
0 0.053125 0.2390625 0.0640625 0.0484375
0 0.39765625 0.109375 0.0140625 0.0234375
0 0.41171875 0.0890625 0.015625 0.028125
0 0.4296875 0.0515625 0.028125 0.0484375
0 0.378125 0.1421875 0.01875 0.0171875
0 0.37109375 0.16796875 0.021875 0.0171875
0 0.35 0.184375 0.0234375 0.01875
0 0.29921875 0.2125 0.0265625 0.0203125
0 0.38046875 0.20546875 0.021875 0.0203125
0 0.46640625 0.18203125 0.1171875 0.0578125
0 0.1640625 0.27265625 0.028125 0.0375
0 0.19921875 0.26875 0.0328125 0.040625
0 0.27734375 0.25859375 0.0421875 0.0578125
0 0.29375 0.28046875 0.040625 0.046875
0 0.61953125 0.1984375 0.0203125 0.01875
0 0.6234375 0.2640625 0.025 0.0265625
0 0.5640625 0.390625 0.0171875 0.0296875
0 0.71640625 0.3640625 0.0640625 0.021875
0 0.7140625 0.44140625 0.034375 0.040625
0 0.709375 0.5265625 0.0171875 0.028125
0 0.621875 0.596875 0.0234375 0.0171875
0 0.51640625 0.634375 0.0171875 0.021875
0 0.475 0.66953125 0.01875 0.021875
0 0.496875 0.75859375 0.021875 0.025
0 0.54296875 0.7890625 0.021875 0.0265625
0 0.61796875 0.7359375 0.046875 0.0546875