0 0.20546875 0.1328125 0.190625 0.025
0 0.2125 0.16953125 0.084375 0.0625
0 0.30546875 0.17734375 0.0140625 0.075
0 0.08828125 0.1890625 0.0125 0.046875
0 0.0921875 0.21328125 0.0125 0.0484375
0 0.20859375 0.26171875 0.109375 0.021875
0 0.17578125 0.2796875 0.0453125 0.015625
0 0.20703125 0.29375 0.0859375 0.0171875
0 0.08828125 0.3421875 0.0625 0.059375
0 0.08046875 0.38515625 0.078125 0.0375
0 0.07578125 0.41796875 0.0125 0.0390625
0 0.0734375 0.4546875 0.0125 0.0375
0 0.07890625 0.49140625 0.0125 0.0515625
0 0.128125 0.49140625 0.0453125 0.03125
0 0.28515625 0.5171875 0.0796875 0.075
0 0.303125 0.4703125 0.015625 0.0765625
0 0.32734375 0.45078125 0.0234375 0.246875
0 0.19296875 0.584375 0.0859375 0.0203125
0 0.19140625 0.5953125 0.109375 0.01875
0 0.1796875 0.6078125 0.1828125 0.025
0 0.43359375 0.29296875 0.0625 0.01875
0 0.42265625 0.30703125 0.0421875 0.0171875
0 0.384375 0.45234375 0.0265625 0.2703125
0 0.40703125 0.40703125 0.0140625 0.059375
0 0.45859375 0.4625 0.021875 0.225
0 0.40234375 0.55 0.015625 0.075
0 0.4640625 0.56484375 0.0140625 0.05
0 0.45078125 0.596875 0.0125 0.0484375
0 0.06796875 0.6921875 0.0140625 0.0671875
0 0.13515625 0.6671875 0.0234375 0.015625
0 0.17578125 0.66796875 0.075 0.0703125
0 0.171875 0.75859375 0.0875 0.021875
0 0.16953125 0.7765625 0.1484375 0.021875
0 0.57265625 0.25703125 0.05625 0.0203125
0 0.65234375 0.2609375 0.1484375 0.025
0 0.64921875 0.27578125 0.159375 0.025
0 0.64375 0.29375 0.0484375 0.0171875
0 0.64140625 0.30859375 0.034375 0.015625
0 0.68203125 0.32265625 0.0703125 0.01875
0 0.53046875 0.31015625 0.053125 0.04375
0 0.53125 0.3734375 0.075 0.0421875
0 0.48828125 0.459375 0.0203125 0.2171875
0 0.50078125 0.484375 0.0140625 0.084375
0 0.53515625 0.42421875 0.015625 0.0765625
0 0.60234375 0.43515625 0.0296875 0.0296875
0 0.75 0.44140625 0.0140625 0.0640625
0 0.7609375 0.41640625 0.015625 0.115625
0 0.76875 0.471875 0.0234375 0.2265625
0 0.54140625 0.540625 0.053125 0.065625
0 0.5609375 0.59921875 0.0421875 0.059375
0 0.65859375 0.61328125 0.0515625 0.01875
0 0.621875 0.6265625 0.1234375 0.021875
0 0.75390625 0.61953125 0.065625 0.053125
0 0.64296875 0.20234375 0.1109375 0.0234375
0 0.75234375 0.18203125 0.0140625 0.0515625
0 0.7640625 0.1625 0.0140625 0.053125
0 0.55234375 0.1765625 0.0140625 0.0609375
0 0.54609375 0.14765625 0.0125 0.053125
0 0.53203125 0.13828125 0.0140625 0.0640625