0 0.14296875 0.16484375 0.07265625 0.03125
0 0.1625 0.24765625 0.0484375 0.05234375
0 0.1328125 0.35625 0.0734375 0.0328125
0 0.25703125 0.54296875 0.0515625 0.01796875
0 0.23359375 0.675 0.03359375 0.02890625
0 0.15546875 0.68125 0.02109375 0.0640625
0 0.35234375 0.671875 0.0125 0.0515625
0 0.4 0.671875 0.0109375 0.0515625
0 0.35078125 0.44375 0.01171875 0.03046875
0 0.365625 0.3859375 0.01171875 0.03125
0 0.63671875 0.32421875 0.09765625 0.0328125
0 0.78125 0.5078125 0.0390625 0.01640625
0 0.78046875 0.54296875 0.040625 0.01484375
0 0.78046875 0.58359375 0.040625 0.01484375
0 0.87890625 0.3421875 0.01171875 0.05703125
0 0.90859375 0.34453125 0.01171875 0.0578125
0 0.9375 0.34453125 0.01171875 0.05703125
0 0.8796875 0.6421875 0.02265625 0.06328125
0 0.846875 0.62890625 0.02890625 0.03984375
0 0.7140625 0.63046875 0.02734375 0.0375
0 0.81328125 0.71484375 0.01640625 0.015625
0 0.74765625 0.71484375 0.0171875 0.015625
0 0.45546875 0.16484375 0.01640625 0.015625
0 0.41875 0.07734375 0.0171875 0.01484375
0 0.27734375 0.12421875 0.021875 0.015625
0 0.37109375 0.1578125 0.05234375 0.01640625