0 0.190625 0.1484375 0.1890625 0.015625
0 0.19921875 0.184375 0.08125 0.05703125
0 0.2921875 0.1875 0.01015625 0.07421875
0 0.07734375 0.21015625 0.01015625 0.0453125
0 0.0828125 0.234375 0.009375 0.04765625
0 0.20078125 0.2765625 0.10859375 0.015625
0 0.16875 0.2953125 0.04453125 0.0140625
0 0.20078125 0.30859375 0.084375 0.01328125
0 0.08515625 0.3625 0.06015625 0.05546875
0 0.0796875 0.40546875 0.075 0.0328125
0 0.0765625 0.43828125 0.01015625 0.0390625
0 0.0765625 0.475 0.01015625 0.03671875
0 0.08359375 0.5109375 0.01015625 0.05078125
0 0.1328125 0.50859375 0.04375 0.02890625
0 0.290625 0.52578125 0.07578125 0.0703125
0 0.3046875 0.478125 0.0109375 0.07578125
0 0.328125 0.4578125 0.01015625 0.2453125
0 0.2015625 0.596875 0.084375 0.01640625
0 0.20078125 0.609375 0.10859375 0.01328125
0 0.18984375 0.621875 0.18125 0.01484375
0 0.42578125 0.29609375 0.06171875 0.015625
0 0.415625 0.31015625 0.0421875 0.01484375
0 0.384375 0.45703125 0.01171875 0.26875
0 0.4046875 0.41015625 0.0109375 0.059375
0 0.459375 0.46328125 0.009375 0.2234375
0 0.40703125 0.55234375 0.0109375 0.07421875
0 0.46953125 0.5640625 0.0109375 0.05
0 0.45859375 0.596875 0.01015625 0.04765625
0 0.08359375 0.71171875 0.01015625 0.06640625
0 0.1484375 0.6828125 0.0234375 0.01484375
0 0.1890625 0.68125 0.07109375 0.0671875
0 0.18984375 0.771875 0.0859375 0.0171875
0 0.18828125 0.78984375 0.14765625 0.01484375
0 0.5625 0.25234375 0.0546875 0.01796875
0 0.64140625 0.25234375 0.146875 0.0171875
0 0.6390625 0.2671875 0.15859375 0.01640625
0 0.634375 0.2859375 0.04765625 0.01484375
0 0.6328125 0.3 0.03359375 0.0140625
0 0.6734375 0.3125 0.06953125 0.01484375
0 0.521875 0.3078125 0.05078125 0.040625
0 0.5265625 0.3703125 0.0734375 0.0390625
0 0.48828125 0.45859375 0.009375 0.215625
0 0.50234375 0.4828125 0.01015625 0.084375
0 0.5328125 0.42109375 0.0109375 0.075
0 0.60078125 0.428125 0.028125 0.02890625
0 0.74765625 0.4265625 0.0109375 0.06328125
0 0.7578125 0.40078125 0.01015625 0.11484375
0 0.76875 0.45625 0.0109375 0.22421875
0 0.54609375 0.5359375 0.04921875 0.06171875
0 0.56796875 0.59375 0.03984375 0.05703125
0 0.665625 0.6015625 0.05 0.015625
0 0.6296875 0.6171875 0.12265625 0.015625
0 0.76171875 0.60390625 0.0625 0.04921875
0 0.62890625 0.19453125 0.11015625 0.01640625
0 0.7359375 0.16875 0.0109375 0.0515625
0 0.74765625 0.1484375 0.01171875 0.053125
0 0.5375 0.17421875 0.01015625 0.0609375
0 0.5296875 0.1453125 0.01015625 0.05234375
0 0.515625 0.1359375 0.0109375 0.0640625