0 0.08828125 0.28984375 0.0140625 0.01484375
0 0.146875 0.28984375 0.0203125 0.01484375
0 0.20390625 0.29609375 0.01640625 0.0140625
0 0.37890625 0.78046875 0.03359375 0.03125
0 0.2703125 0.8515625 0.0203125 0.0546875
0 0.259375 0.88828125 0.015625 0.0359375
0 0.378125 0.96171875 0.02265625 0.01796875
0 0.52265625 0.93046875 0.08046875 0.04609375
0 0.16328125 0.9265625 0.01875 0.02578125
0 0.13828125 0.88828125 0.0203125 0.02265625
0 0.1140625 0.84296875 0.04609375 0.05546875
0 0.3765625 0.75234375 0.01953125 0.01484375
0 0.37890625 0.72109375 0.034375 0.0296875
0 0.37734375 0.68203125 0.05546875 0.0390625
0 0.37890625 0.65234375 0.02265625 0.01640625
0 0.37890625 0.61875 0.02421875 0.01796875
0 0.4265625 0.61875 0.021875 0.01796875
0 0.41875 0.64375 0.02265625 0.01640625
0 0.48359375 0.628125 0.0125 0.03203125
0 0.27109375 0.5703125 0.0109375 0.0296875
0 0.24765625 0.5515625 0.03828125 0.03359375
0 0.246875 0.6046875 0.040625 0.03046875
0 0.27109375 0.47578125 0.0125 0.03671875
0 0.36796875 0.39375 0.0125 0.02265625
0 0.41015625 0.4671875 0.021875 0.0171875
0 0.48203125 0.45390625 0.0296875 0.07578125
0 0.51484375 0.4546875 0.02421875 0.05078125
0 0.54296875 0.45703125 0.0125 0.03671875
0 0.56640625 0.45703125 0.0125 0.02421875
0 0.234375 0.38515625 0.10390625 0.04453125
0 0.06875 0.47109375 0.03046875 0.02734375
0 0.15 0.25625 0.05546875 0.03984375
0 0.06875 0.08671875 0.0359375 0.0390625
0 0.0703125 0.04609375 0.06484375 0.0390625
0 0.26875 0.0390625 0.040625 0.02734375
0 0.4734375 0.165625 0.0109375 0.0203125
0 0.4875 0.14921875 0.0125 0.025
0 0.50703125 0.115625 0.021875 0.04296875
0 0.45390625 0.19453125 0.015625 0.01484375
0 0.4453125 0.2171875 0.01875 0.01484375
0 0.42421875 0.23046875 0.0203125 0.01484375
0 0.37578125 0.25234375 0.0234375 0.01640625
0 0.45 0.25234375 0.01875 0.0171875
0 0.53046875 0.2375 0.10390625 0.04453125
0 0.2484375 0.29609375 0.0234375 0.0328125
0 0.28046875 0.2953125 0.0265625 0.034375
0 0.35234375 0.2921875 0.034375 0.05
0 0.365625 0.31328125 0.03359375 0.03984375
0 0.66796875 0.26484375 0.01796875 0.015625
0 0.665625 0.325 0.021875 0.02265625
0 0.60234375 0.43515625 0.01328125 0.0265625
0 0.7421875 0.42265625 0.0578125 0.015625
0 0.734375 0.49296875 0.028125 0.03359375
0 0.7234375 0.56953125 0.0140625 0.02421875
0 0.63828125 0.6265625 0.0203125 0.01484375
0 0.53984375 0.65234375 0.0140625 0.01875
0 0.49921875 0.68046875 0.01484375 0.01875
0 0.51171875 0.76328125 0.01796875 0.0203125
0 0.5515625 0.79375 0.0171875 0.021875
0 0.6234375 0.75234375 0.0390625 0.04609375