0 0.03203125 0.56484375 0.0234375 0.034375
0 0.0265625 0.65859375 0.0234375 0.01875
0 0.05078125 0.684375 0.0625 0.0140625
0 0.21796875 0.68046875 0.0109375 0.0546875
0 0.04453125 0.63046875 0.009375 0.0328125
0 0.03671875 0.6328125 0.0125 0.0765625
0 0.021875 0.55859375 0.009375 0.04375
0 0.05703125 0.515625 0.034375 0.021875
0 0.07109375 0.51015625 0.03125 0.028125
0 0.2671875 0.5953125 0.0234375 0.01875
0 0.25078125 0.59765625 0.0078125 0.0390625
0 0.28046875 0.5234375 0.0296875 0.01875
0 0.2984375 0.51796875 0.0296875 0.028125
0 0.21953125 0.521875 0.0390625 0.03125
0 0.46015625 0.52734375 0.04375 0.034375
0 0.440625 0.6984375 0.03125 0.0203125
0 0.60703125 0.51796875 0.13125 0.053125
0 0.5921875 0.5296875 0.059375 0.0546875
0 0.64765625 0.52890625 0.04375 0.0359375
0 0.51328125 0.5546875 0.015625 0.06875
0 0.50625 0.596875 0.0265625 0.0484375
0 0.5046875 0.62265625 0.0265625 0.034375
0 0.5078125 0.65625 0.0125 0.071875
0 0.5546875 0.72421875 0.078125 0.0140625
0 0.615625 0.71796875 0.040625 0.0109375
0 0.65703125 0.69609375 0.0796875 0.065625
0 0.70234375 0.63671875 0.0125 0.065625
0 0.7109375 0.5984375 0.0109375 0.0703125
0 0.83671875 0.59140625 0.0828125 0.05
0 0.771875 0.6828125 0.01875 0.0921875
0 0.79140625 0.584375 0.040625 0.1203125
0 0.82421875 0.66484375 0.059375 0.0703125
0 0.23203125 0.2328125 0.05625 0.1859375
0 0.2515625 0.2140625 0.0640625 0.0515625
0 0.25546875 0.18515625 0.028125 0.0453125
0 0.2453125 0.29375 0.0203125 0.04375
0 0.28984375 0.13125 0.034375 0.0609375
0 0.3796875 0.115625 0.034375 0.025
0 0.38203125 0.146875 0.0390625 0.028125
0 0.3390625 0.35546875 0.0359375 0.0171875
0 0.33671875 0.36953125 0.040625 0.0125
0 0.36484375 0.35546875 0.025 0.071875
0 0.38828125 0.2390625 0.040625 0.203125
0 0.51484375 0.3546875 0.0390625 0.0578125
0 0.5140625 0.2421875 0.040625 0.1734375
0 0.5125 0.2421875 0.05625 0.2140625
0 0.5203125 0.24375 0.0359375 0.1453125
0 0.52578125 0.2203125 0.028125 0.0203125
0 0.61015625 0.40859375 0.1484375 0.0453125
0 0.54453125 0.365625 0.0296875 0.03125
0 0.6125 0.37734375 0.1296875 0.05
0 0.621875 0.09921875 0.16875 0.0859375
0 0.62109375 0.1046875 0.1484375 0.071875
0 0.62109375 0.1109375 0.1296875 0.0625
0 0.62109375 0.11640625 0.0890625 0.0515625
0 0.83984375 0.12578125 0.0703125 0.0390625
0 0.87109375 0.1296875 0.040625 0.0390625
0 0.91796875 0.1296875 0.059375 0.040625
0 0.95546875 0.14296875 0.0234375 0.05
0 0.834375 0.20703125 0.0328125 0.0578125
0 0.95390625 0.25 0.0265625 0.084375
0 0.95 0.290625 0.015625 0.05625
0 0.81953125 0.35078125 0.0296875 0.034375
0 0.91171875 0.36484375 0.0421875 0.0359375
0 0.92109375 0.3828125 0.034375 0.028125
0 0.715625 0.14609375 0.028125 0.0328125
0 0.5640625 0.16796875 0.0203125 0.03125
0 0.5796875 0.1625 0.0234375 0.025
0 0.55546875 0.18359375 0.021875 0.025