0 0.09765625 0.23359375 0.0171875 0.0171875
0 0.1578125 0.2421875 0.021875 0.0171875
0 0.2140625 0.25625 0.01875 0.015625
0 0.32265625 0.7734375 0.0390625 0.0359375
0 0.20234375 0.83046875 0.028125 0.0578125
0 0.18671875 0.86640625 0.021875 0.0390625
0 0.296875 0.95859375 0.025 0.021875
0 0.44765625 0.946875 0.0875 0.0578125
0 0.08359375 0.89140625 0.021875 0.0296875
0 0.0625 0.8484375 0.0234375 0.0265625
0 0.0453125 0.79921875 0.0546875 0.0625
0 0.32421875 0.7453125 0.021875 0.01875
0 0.33125 0.71328125 0.0390625 0.034375
0 0.33515625 0.6734375 0.0625 0.0484375
0 0.340625 0.64296875 0.025 0.0203125
0 0.346875 0.609375 0.0265625 0.021875
0 0.39453125 0.61640625 0.025 0.021875
0 0.38359375 0.63984375 0.025 0.0203125
0 0.4515625 0.63359375 0.0171875 0.034375
0 0.24375 0.54453125 0.015625 0.03125
0 0.22265625 0.52265625 0.04375 0.0390625
0 0.2140625 0.5765625 0.0453125 0.0359375
0 0.25703125 0.4484375 0.01875 0.0390625
0 0.36796875 0.37890625 0.015625 0.025
0 0.39921875 0.46015625 0.025 0.0203125
0 0.4734375 0.45625 0.040625 0.08125
0 0.5078125 0.46171875 0.03125 0.0546875
0 0.5359375 0.46875 0.0171875 0.0390625
0 0.56015625 0.471875 0.0171875 0.0265625
0 0.23203125 0.35078125 0.1125 0.059375
0 0.05234375 0.41484375 0.034375 0.0328125
0 0.165625 0.20859375 0.0609375 0.0484375
0 0.10703125 0.02421875 0.0421875 0.0453125
0 0.31640625 0.0109375 0.0453125 0.021875
0 0.50625 0.1625 0.0140625 0.021875
0 0.5234375 0.14765625 0.0171875 0.028125
0 0.54765625 0.11640625 0.028125 0.046875
0 0.4828125 0.18828125 0.01875 0.0171875
0 0.4703125 0.21015625 0.021875 0.0171875
0 0.44765625 0.22109375 0.021875 0.01875
0 0.39609375 0.2359375 0.0265625 0.0203125
0 0.4703125 0.24765625 0.0203125 0.0203125
0 0.55390625 0.24296875 0.1109375 0.059375
0 0.259375 0.2625 0.028125 0.0359375
0 0.2921875 0.26640625 0.03125 0.0390625
0 0.36640625 0.2734375 0.0421875 0.0546875
0 0.3765625 0.296875 0.0390625 0.0453125
0 0.690625 0.290625 0.0203125 0.01875
0 0.68046875 0.3515625 0.025 0.0265625
0 0.59921875 0.4546875 0.0171875 0.028125
0 0.74375 0.46171875 0.0609375 0.0234375
0 0.72578125 0.53203125 0.0328125 0.0375
0 0.70234375 0.6078125 0.0171875 0.0265625
0 0.60859375 0.65390625 0.021875 0.0171875
0 0.50390625 0.66640625 0.0171875 0.0203125
0 0.459375 0.6890625 0.01875 0.021875
0 0.4609375 0.77421875 0.021875 0.0234375
0 0.49609375 0.81171875 0.0203125 0.025
0 0.57578125 0.7796875 0.0453125 0.053125