0 0.20234375 0.13515625 0.190625 0.021875
0 0.21015625 0.17265625 0.084375 0.0609375
0 0.303125 0.17890625 0.0125 0.075
0 0.08671875 0.19375 0.0125 0.046875
0 0.09140625 0.21875 0.0109375 0.0484375
0 0.2078125 0.26484375 0.109375 0.01875
0 0.17578125 0.28203125 0.0453125 0.015625
0 0.2078125 0.296875 0.0859375 0.015625
0 0.08984375 0.34765625 0.0625 0.0578125
0 0.0828125 0.38984375 0.0765625 0.0359375
0 0.078125 0.42265625 0.0109375 0.0390625
0 0.0765625 0.46015625 0.0109375 0.0375
0 0.0828125 0.49609375 0.0125 0.0515625
0 0.13203125 0.49609375 0.0453125 0.0296875
0 0.28984375 0.51875 0.078125 0.0734375
0 0.30625 0.47109375 0.0140625 0.0765625
0 0.33046875 0.45078125 0.01875 0.246875
0 0.19765625 0.58671875 0.0859375 0.01875
0 0.19609375 0.59921875 0.109375 0.0171875
0 0.1859375 0.6109375 0.1828125 0.021875
0 0.43359375 0.2921875 0.0625 0.0171875
0 0.4234375 0.30546875 0.0421875 0.015625
0 0.38671875 0.45234375 0.021875 0.2703125
0 0.40859375 0.40625 0.0125 0.059375
0 0.46171875 0.4609375 0.0171875 0.225
0 0.40625 0.54921875 0.0140625 0.075
0 0.46796875 0.56328125 0.0125 0.05
0 0.45703125 0.5953125 0.0125 0.0484375
0 0.075 0.69765625 0.0125 0.0671875
0 0.14140625 0.67109375 0.0234375 0.015625
0 0.1828125 0.6703125 0.0734375 0.0703125
0 0.18046875 0.7625 0.0875 0.0203125
0 0.17734375 0.78046875 0.1484375 0.0203125
0 0.57265625 0.253125 0.0546875 0.0203125
0 0.65234375 0.25625 0.1484375 0.021875
0 0.64921875 0.2703125 0.159375 0.021875
0 0.64453125 0.2890625 0.0484375 0.0171875
0 0.6421875 0.303125 0.034375 0.015625
0 0.68203125 0.3171875 0.0703125 0.0171875
0 0.53046875 0.30703125 0.053125 0.0421875
0 0.53203125 0.3703125 0.075 0.0421875
0 0.490625 0.4578125 0.0171875 0.2171875
0 0.5046875 0.48203125 0.0125 0.084375
0 0.5375 0.42109375 0.0140625 0.0765625
0 0.6046875 0.43125 0.0296875 0.0296875
0 0.75234375 0.434375 0.0125 0.0640625
0 0.76328125 0.409375 0.0140625 0.115625
0 0.77265625 0.46484375 0.01875 0.2265625
0 0.54609375 0.53671875 0.0515625 0.0640625
0 0.56640625 0.59609375 0.0421875 0.059375
0 0.66328125 0.60703125 0.0515625 0.0171875
0 0.62734375 0.62265625 0.1234375 0.0203125
0 0.76015625 0.61328125 0.0640625 0.0515625
0 0.6421875 0.196875 0.1109375 0.0203125
0 0.75 0.17578125 0.0125 0.0515625
0 0.7625 0.1546875 0.0140625 0.053125
0 0.55078125 0.1734375 0.0125 0.0609375
0 0.54375 0.14453125 0.0125 0.053125
0 0.5296875 0.134375 0.0125 0.0640625