0 0.1546875 0.16015625 0.0234375 0.01875
0 0.2375 0.15625 0.0453125 0.0296875
0 0.3828125 0.13203125 0.0171875 0.0546875
0 0.4109375 0.25078125 0.0171875 0.059375
0 0.4109375 0.34765625 0.078125 0.040625
0 0.12421875 0.4109375 0.1125 0.046875
0 0.0765625 0.459375 0.0421875 0.01875
0 0.29140625 0.41015625 0.04375 0.0203125
0 0.2953125 0.4421875 0.0421875 0.0203125
0 0.32421875 0.4578125 0.0234375 0.0171875
0 0.41640625 0.415625 0.0421875 0.059375
0 0.48984375 0.3671875 0.04375 0.0203125
0 0.4890625 0.41015625 0.0546875 0.0203125
0 0.6796875 0.4171875 0.0484375 0.021875
0 0.8125 0.375 0.0484375 0.0203125
0 0.81796875 0.3984375 0.0421875 0.0203125
0 0.76875 0.31875 0.0421875 0.0203125
0 0.9203125 0.16875 0.0609375 0.0578125
0 0.89453125 0.2625 0.0171875 0.0234375
0 0.8453125 0.3234375 0.01875 0.025
0 0.01796875 0.5265625 0.0125 0.015625
0 0.021875 0.61796875 0.01875 0.0671875
0 0.18671875 0.5203125 0.01875 0.0734375
0 0.29140625 0.7234375 0.103125 0.0265625
0 0.5484375 0.68671875 0.046875 0.021875
0 0.44375 0.57109375 0.01875 0.0625
0 0.459375 0.56640625 0.0140625 0.03125
0 0.4734375 0.56171875 0.0171875 0.059375
0 0.50625 0.525 0.015625 0.0515625
0 0.5265625 0.53671875 0.0171875 0.0515625
0 0.69140625 0.565625 0.0171875 0.053125
0 0.6796875 0.703125 0.01875 0.0703125
0 0.9609375 0.5140625 0.0171875 0.059375
0 0.80546875 0.6609375 0.0578125 0.025
0 0.890625 0.65234375 0.0546875 0.025