0 0.89609375 0.19296875 0.05 0.0375
0 0.728125 0.1875 0.0375 0.04375
0 0.7015625 0.3359375 0.034375 0.0921875
0 0.67109375 0.334375 0.028125 0.0875
0 0.640625 0.3296875 0.03125 0.0875
0 0.65 0.4859375 0.1078125 0.0734375
0 0.76328125 0.49921875 0.1 0.0578125
0 0.49296875 0.25859375 0.0203125 0.053125
0 0.4765625 0.20703125 0.0234375 0.0421875
0 0.49765625 0.15078125 0.05 0.0421875
0 0.4609375 0.10625 0.0515625 0.040625
0 0.41796875 0.159375 0.034375 0.0203125
0 0.3953125 0.44375 0.03125 0.0296875
0 0.3921875 0.4671875 0.0296875 0.025
0 0.19453125 0.07734375 0.0359375 0.0265625
0 0.16796875 0.09609375 0.015625 0.009375
0 0.1125 0.4453125 0.0140625 0.0125
0 0.1671875 0.421875 0.028125 0.0359375
0 0.303125 0.2015625 0.0109375 0.0203125
0 0.096875 0.18984375 0.009375 0.01875
0 0.075 0.36953125 0.009375 0.0203125