0 0.859375 0.15625 0.0453125 0.03203125
0 0.69609375 0.16796875 0.0328125 0.0390625
0 0.6859375 0.3140625 0.025 0.0875
0 0.65546875 0.315625 0.01875 0.08515625
0 0.625 0.31484375 0.021875 0.0828125
0 0.65 0.465625 0.0984375 0.0609375
0 0.76171875 0.4671875 0.09375 0.04609375
0 0.475 0.26171875 0.0140625 0.0515625
0 0.45390625 0.2125 0.01875 0.03984375
0 0.46875 0.15625 0.04609375 0.03671875
0 0.42890625 0.11640625 0.04609375 0.034375
0 0.3921875 0.171875 0.03203125 0.015625
0 0.39921875 0.45 0.02734375 0.02578125
0 0.3984375 0.4734375 0.02734375 0.021875
0 0.16796875 0.115625 0.03359375 0.02265625
0 0.14375 0.13671875 0.0140625 0.00859375
0 0.125 0.48046875 0.01171875 0.01015625
0 0.1765625 0.45234375 0.02421875 0.0328125
0 0.28515625 0.225 0.00859375 0.01875
0 0.08359375 0.23515625 0.0078125 0.01875
0 0.08125 0.4109375 0.0078125 0.01875