0 0.8875 0.1578125 0.0484375 0.0359375
0 0.71953125 0.16171875 0.0359375 0.0421875
0 0.7015625 0.3109375 0.0296875 0.090625
0 0.6703125 0.3109375 0.0234375 0.0875
0 0.6390625 0.3078125 0.0265625 0.0859375
0 0.65703125 0.46328125 0.1046875 0.0671875
0 0.7703125 0.47109375 0.0984375 0.053125
0 0.48828125 0.24609375 0.0171875 0.053125
0 0.46875 0.19375 0.021875 0.0421875
0 0.48671875 0.13671875 0.0484375 0.040625
0 0.4484375 0.09453125 0.05 0.0375
0 0.4078125 0.14921875 0.034375 0.01875
0 0.4 0.434375 0.0296875 0.028125
0 0.39921875 0.45859375 0.0296875 0.0234375
0 0.18125 0.0796875 0.0359375 0.025
0 0.15546875 0.09921875 0.015625 0.009375
0 0.11796875 0.4515625 0.0125 0.0109375
0 0.17109375 0.42578125 0.0265625 0.034375
0 0.29609375 0.19765625 0.009375 0.0203125
0 0.0890625 0.19765625 0.009375 0.01875
0 0.0765625 0.37734375 0.009375 0.0203125