0 0.25234375 0.01875 0.0421875 0.0140625
0 0.5296875 0.17734375 0.090625 0.03125
0 0.0328125 0.36171875 0.053125 0.0140625
0 0.2203125 0.36484375 0.0453125 0.0140625
0 0.46875 0.38359375 0.0953125 0.0328125
0 0.00078125 0.58359375 0.0015625 0.0328125
0 0.24375 0.85390625 0.059375 0.0140625
0 0.771875 0.33671875 0.0234375 0.0125
0 0.72578125 0.36328125 0.059375 0.0140625
0 0.8265625 0.36875 0.0125 0.0125
0 0.759375 0.396875 0.01875 0.0125
0 0.934375 0.48125 0.0203125 0.0171875
0 0.81328125 0.50078125 0.015625 0.0109375
0 0.5484375 0.48515625 0.0171875 0.015625
0 0.54453125 0.57421875 0.0171875 0.0234375
0 0.6734375 0.59921875 0.03125 0.0140625
0 0.4765625 0.6171875 0.0171875 0.0453125
0 0.58125 0.63203125 0.0453125 0.0171875
0 0.81953125 0.6828125 0.0203125 0.0125
0 0.678125 0.6921875 0.034375 0.059375
0 0.59296875 0.7453125 0.0203125 0.021875
0 0.53203125 0.75078125 0.0171875 0.0171875
0 0.928125 0.7609375 0.015625 0.0203125
0 0.96328125 0.7859375 0.0171875 0.0171875
0 0.890625 0.8015625 0.01875 0.03125
0 0.66015625 0.78515625 0.025 0.0140625
0 0.7890625 0.87109375 0.021875 0.0125
0 0.56328125 0.86328125 0.075 0.015625