0 0.4125 0.0203125 0.0359375 0.0171875
0 0.3703125 0.04453125 0.040625 0.01875
0 0.51484375 0.00390625 0.0265625 0.0078125
0 0.53046875 0.04140625 0.078125 0.040625
0 0.4671875 0.11640625 0.0140625 0.04375
0 0.4953125 0.190625 0.015625 0.0234375
0 0.5234375 0.30859375 0.015625 0.046875
0 0.48359375 0.36484375 0.0125 0.0203125
0 0.45078125 0.36484375 0.0109375 0.0140625
0 0.246875 0.3515625 0.0109375 0.0171875
0 0.25390625 0.13203125 0.0171875 0.0453125
0 0.0640625 0.14296875 0.015625 0.025
0 0.0828125 0.27890625 0.046875 0.0203125
0 0.2234375 0.290625 0.0171875 0.01875
0 0.3359375 0.5421875 0.0328125 0.01875
0 0.33515625 0.5625 0.015625 0.015625
0 0.05859375 0.571875 0.0828125 0.0421875
0 0.23359375 0.609375 0.03125 0.0171875
0 0.03125 0.68203125 0.0140625 0.0453125
0 0.0625 0.7 0.0109375 0.0140625
0 0.45390625 0.7171875 0.0125 0.025
0 0.31640625 0.77578125 0.0328125 0.0296875
0 0.7484375 0.62421875 0.053125 0.021875
0 0.84609375 0.5859375 0.025 0.01875
0 0.85546875 0.62578125 0.065625 0.0328125
0 0.96796875 0.76796875 0.0140625 0.0484375