0 0.371875 0.0609375 0.0125 0.0125
0 0.128125 0.10546875 0.009375 0.0125
0 0.36640625 0.10625 0.028125 0.0140625
0 0.62109375 0.10625 0.00859375 0.0140625
0 0.703125 0.134375 0.075 0.034375
0 0.678125 0.3390625 0.0421875 0.01484375
0 0.03984375 0.24375 0.01015625 0.03671875
0 0.06015625 0.27421875 0.01015625 0.021875
0 0.14609375 0.41015625 0.01328125 0.01328125
0 0.371875 0.41015625 0.0140625 0.01328125
0 0.59453125 0.409375 0.0140625 0.0140625
0 0.371875 0.453125 0.03671875 0.01484375
0 0.371875 0.484375 0.04140625 0.0140625
0 0.196875 0.62890625 0.01015625 0.01875
0 0.059375 0.67734375 0.01015625 0.01875
0 0.2453125 0.77734375 0.00859375 0.01484375
0 0.49453125 0.77734375 0.00859375 0.0140625
0 0.33984375 0.7890625 0.08125 0.03125
0 0.68359375 0.68671875 0.0109375 0.02890625
0 0.709375 0.64609375 0.0171875 0.0421875