0 0.5453125 0.053125 0.0265625 0.0203125
0 0.5171875 0.08359375 0.0140625 0.01875
0 0.47890625 0.115625 0.015625 0.015625
0 0.53359375 0.1453125 0.0125 0.0125
0 0.4828125 0.14921875 0.01875 0.0171875
0 0.55703125 0.24296875 0.0109375 0.028125
0 0.46796875 0.2921875 0.009375 0.01875
0 0.45 0.2828125 0.009375 0.0453125
0 0.571875 0.28828125 0.015625 0.015625
0 0.6015625 0.31796875 0.015625 0.015625
0 0.50859375 0.38671875 0.015625 0.015625
0 0.559375 0.44140625 0.009375 0.015625
0 0.5046875 0.46953125 0.009375 0.015625
0 0.5140625 0.50546875 0.028125 0.0125
0 0.61796875 0.4765625 0.0140625 0.0421875
0 0.61953125 0.5671875 0.0109375 0.0234375
0 0.61875 0.6453125 0.0109375 0.0328125
0 0.59765625 0.69140625 0.0109375 0.0125
0 0.55390625 0.625 0.0375 0.015625
0 0.5578125 0.546875 0.01875 0.021875
0 0.46171875 0.65390625 0.0109375 0.0328125
0 0.50234375 0.72890625 0.009375 0.015625
0 0.509375 0.76171875 0.0171875 0.01875
0 0.56015625 0.753125 0.01875 0.021875
0 0.51875 0.79765625 0.0234375 0.015625
0 0.41953125 0.434375 0.0109375 0.03125
0 0.16953125 0.7796875 0.03125 0.021875
0 0.25078125 0.44296875 0.040625 0.0171875
0 0.25390625 0.296875 0.0203125 0.078125
0 0.23828125 0.16015625 0.0125 0.0390625
0 0.196875 0.1453125 0.009375 0.0125
0 0.14765625 0.1453125 0.009375 0.0125