0 0.83828125 0.06484375 0.0140625 0.0484375
0 0.815625 0.15078125 0.0296875 0.0921875
0 0.8578125 0.23828125 0.028125 0.0234375
0 0.9890625 0.64765625 0.0171875 0.0453125
0 0.96953125 0.75703125 0.0109375 0.015625
0 0.89765625 0.77109375 0.096875 0.0421875
0 0.8984375 0.65703125 0.025 0.0953125
0 0.90625 0.5578125 0.0265625 0.0921875
0 0.45078125 0.04921875 0.059375 0.0328125
0 0.51875 0.06328125 0.034375 0.01875
0 0.38203125 0.13359375 0.01875 0.0375
0 0.06953125 0.2328125 0.0109375 0.0375
0 0.09140625 0.571875 0.0125 0.059375
0 0.10859375 0.56953125 0.0125 0.0640625
0 0.05078125 0.62890625 0.0140625 0.025
0 0.16484375 0.83046875 0.0171875 0.0140625
0 0.29140625 0.821875 0.034375 0.015625
0 0.50234375 0.80703125 0.0328125 0.0171875
0 0.740625 0.7890625 0.034375 0.01875
0 0.25546875 0.67265625 0.0875 0.0390625
0 0.38046875 0.21484375 0.009375 0.0109375
0 0.4015625 0.25703125 0.0375 0.025
0 0.42578125 0.27890625 0.01875 0.0171875
0 0.1359375 0.32890625 0.0140625 0.015625
0 0.45 0.30625 0.0375 0.0203125
0 0.19921875 0.359375 0.040625 0.0203125
0 0.4296875 0.34375 0.0375 0.0171875
0 0.3203125 0.37421875 0.028125 0.01875
0 0.4484375 0.36484375 0.015625 0.015625
0 0.4671875 0.3640625 0.015625 0.015625
0 0.48828125 0.3625 0.015625 0.015625
0 0.49140625 0.47109375 0.015625 0.0171875
0 0.39765625 0.425 0.009375 0.01875
0 0.41015625 0.403125 0.009375 0.0140625
0 0.59140625 0.24765625 0.084375 0.0390625