0 0.28203125 0.05859375 0.03984375 0.01015625
0 0.0859375 0.1078125 0.09296875 0.021875
0 0.4640625 0.1859375 0.0140625 0.028125
0 0.271875 0.346875 0.03203125 0.0125
0 0.271875 0.375 0.0296875 0.0125
0 0.2625 0.403125 0.03125 0.0140625
0 0.2625 0.43203125 0.075 0.0203125
0 0.20703125 0.475 0.01328125 0.03125
0 0.08125 0.55390625 0.0140625 0.01953125
0 0.45078125 0.50625 0.01328125 0.00859375
0 0.45078125 0.52890625 0.01328125 0.0140625
0 0.446875 0.56171875 0.0203125 0.02109375
0 0.4890625 0.53828125 0.021875 0.0328125
0 0.521875 0.54765625 0.01328125 0.01328125
0 0.5625 0.62734375 0.0140625 0.0125
0 0.45078125 0.6203125 0.0125 0.0125
0 0.30078125 0.60234375 0.02421875 0.01171875
0 0.13359375 0.6421875 0.015625 0.0171875
0 0.38984375 0.65703125 0.07421875 0.015625
0 0.4421875 0.7421875 0.01328125 0.0125
0 0.521875 0.69609375 0.01328125 0.0125
0 0.2625 0.82109375 0.053125 0.009375
0 0.62578125 0.51875 0.01171875 0.0328125
0 0.95078125 0.50546875 0.0140625 0.009375
0 0.95 0.55234375 0.01328125 0.01328125