0 0.1609375 0.09296875 0.065625 0.015625
0 0.425 0.040625 0.0265625 0.0125
0 0.66796875 0.03125 0.0234375 0.0140625
0 0.628125 0.06484375 0.0515625 0.0140625
0 0.78671875 0.06640625 0.06875 0.0234375
0 0.9375 0.059375 0.096875 0.0421875
0 0.6421875 0.15859375 0.015625 0.0109375
0 0.4109375 0.20859375 0.0171875 0.0109375
0 0.06484375 0.3484375 0.01875 0.03125
0 0.11953125 0.35546875 0.01875 0.0296875
0 0.903125 0.31953125 0.0203125 0.03125
0 0.94765625 0.31796875 0.0203125 0.0453125
0 0.42890625 0.475 0.01875 0.009375
0 0.334375 0.59921875 0.015625 0.0125
0 0.11640625 0.61953125 0.1328125 0.0453125
0 0.9328125 0.58359375 0.1078125 0.0265625
0 0.39296875 0.65 0.0921875 0.0296875
0 0.62578125 0.6265625 0.025 0.0125
0 0.8859375 0.74765625 0.0265625 0.0265625
0 0.55390625 0.8421875 0.08125 0.025
0 0.5484375 0.87109375 0.0484375 0.0140625
0 0.17265625 0.78046875 0.0171875 0.015625
0 0.14140625 0.76015625 0.01875 0.034375