0 0.47890625 0.0859375 0.065625 0.0140625
0 0.47890625 0.09921875 0.0796875 0.0109375
0 0.315625 0.14296875 0.0421875 0.015625
0 0.35703125 0.2296875 0.0125 0.0140625
0 0.31796875 0.3421875 0.01875 0.0109375
0 0.04921875 0.259375 0.015625 0.0265625
0 0.0859375 0.23359375 0.0234375 0.0296875
0 0.246875 0.4671875 0.034375 0.0109375
0 0.3265625 0.465625 0.0390625 0.0109375
0 0.578125 0.56796875 0.0953125 0.0140625
0 0.57890625 0.57890625 0.078125 0.0125
0 0.09765625 0.63125 0.015625 0.028125
0 0.1171875 0.67890625 0.0125 0.0328125
0 0.1171875 0.74140625 0.0140625 0.0125
0 0.20390625 0.79609375 0.0296875 0.0109375
0 0.3015625 0.79375 0.0546875 0.0109375
0 0.5359375 0.7765625 0.015625 0.0234375
0 0.5359375 0.71328125 0.0140625 0.028125
0 0.53515625 0.66171875 0.0140625 0.0265625
0 0.65234375 0.73203125 0.0265625 0.05625
0 0.725 0.78125 0.01875 0.009375