0 0.08828125 0.00234375 0.0640625 0.0046875
0 0.0859375 0.01171875 0.0875 0.021875
0 0.25625 0.0359375 0.034375 0.01875
0 0.5296875 0.34375 0.015625 0.0453125
0 0.50078125 0.340625 0.015625 0.0421875
0 0.45703125 0.5765625 0.046875 0.0203125
0 0.04140625 0.53984375 0.046875 0.0203125
0 0.0109375 0.66953125 0.0125 0.0203125
0 0.22890625 0.7859375 0.025 0.01875
0 0.35078125 0.76953125 0.0328125 0.025
0 0.60234375 0.80078125 0.0546875 0.0203125
0 0.75703125 0.81015625 0.0421875 0.0171875
0 0.8984375 0.8234375 0.015625 0.0171875
0 0.95234375 0.75078125 0.0109375 0.025
0 0.73046875 0.6265625 0.0609375 0.0328125