0 0.2015625 0.0078125 0.04375 0.015625
0 0.2671875 0.034375 0.0171875 0.0171875
0 0.20078125 0.13203125 0.025 0.0203125
0 0.0921875 0.15703125 0.0171875 0.0265625
0 0.3359375 0.1015625 0.0140625 0.03125
0 0.33125 0.1515625 0.0109375 0.01875
0 0.328125 0.19140625 0.009375 0.009375
0 0.3203125 0.27421875 0.0125 0.0296875
0 0.3859375 0.24296875 0.0125 0.0328125
0 0.34921875 0.26328125 0.0125 0.0296875
0 0.31328125 0.3546875 0.009375 0.0109375
0 0.3375 0.39765625 0.0125 0.0296875
0 0.14921875 0.4921875 0.0265625 0.0171875
0 0.1609375 0.46171875 0.05625 0.0265625
0 0.2546875 0.58125 0.0640625 0.0390625
0 0.5625 0.0703125 0.0140625 0.0140625
0 0.6671875 0.28671875 0.0375 0.0171875
0 0.52578125 0.4171875 0.0140625 0.05
0 0.67734375 0.43046875 0.009375 0.009375
0 0.66171875 0.4734375 0.015625 0.021875
0 0.621875 0.49140625 0.0234375 0.0171875