0 0.334375 0.14140625 0.0296875 0.03359375
0 0.3375 0.2140625 0.02265625 0.01796875
0 0.371875 0.21640625 0.01796875 0.084375
0 0.35703125 0.42421875 0.0203125 0.01484375
0 0.3953125 0.478125 0.01171875 0.071875
0 0.37109375 0.51015625 0.01796875 0.1328125
0 0.35625 0.54453125 0.01015625 0.0671875
0 0.32578125 0.49609375 0.053125 0.0171875
0 0.68515625 0.1 0.49921875 0.0203125
0 0.8328125 0.1484375 0.13828125 0.03046875
0 0.471875 0.065625 0.04140625 0.02578125
0 0.65546875 0.225 0.16875 0.028125
0 0.53046875 0.2953125 0.0171875 0.1125
0 0.41796875 0.1984375 0.01015625 0.02109375
0 0.41640625 0.29296875 0.01171875 0.2015625
0 0.41796875 0.4015625 0.0109375 0.01875
0 0.41796875 0.471875 0.01015625 0.12734375
0 0.41796875 0.54375 0.0109375 0.0203125
0 0.41796875 0.56640625 0.01015625 0.02734375
0 0.42890625 0.6078125 0.0453125 0.0171875
0 0.50546875 0.35625 0.025 0.02265625
0 0.52265625 0.43203125 0.03046875 0.01484375
0 0.6546875 0.3640625 0.19375 0.01484375
0 0.83984375 0.36484375 0.1859375 0.015625
0 0.83203125 0.221875 0.20390625 0.01484375
0 0.76953125 0.4328125 0.26640625 0.015625
0 0.503125 0.4515625 0.0859375 0.01640625
0 0.58984375 0.4515625 0.10234375 0.01640625
0 0.6859375 0.4515625 0.09765625 0.01640625
0 0.77890625 0.4515625 0.10234375 0.01640625
0 0.8640625 0.4515625 0.08046875 0.01640625
0 0.91796875 0.4515625 0.0328125 0.01640625
0 0.8765625 0.49609375 0.0125 0.03828125
0 0.95 0.29453125 0.0125 0.1109375
0 0.95 0.46328125 0.0125 0.23359375
0 0.96640625 0.371875 0.01171875 0.42734375
0 0.684375 0.51953125 0.02734375 0.01640625
0 0.64453125 0.5015625 0.0390625 0.0171875
0 0.6203125 0.5453125 0.02734375 0.0171875
0 0.615625 0.5671875 0.01171875 0.025
0 0.6734375 0.58515625 0.04375 0.01640625
0 0.709375 0.57109375 0.0359375 0.01484375
0 0.7515625 0.56015625 0.0109375 0.0390625
0 0.76875 0.553125 0.01171875 0.053125
0 0.684375 0.615625 0.0984375 0.015625
0 0.70234375 0.64765625 0.4015625 0.0171875
0 0.915625 0.64765625 0.03671875 0.0171875
0 0.78125 0.6078125 0.0421875 0.02578125
0 0.66015625 0.76328125 0.0125 0.04453125
0 0.6640625 0.8015625 0.06171875 0.02734375
0 0.71171875 0.784375 0.03125 0.01484375
0 0.9609375 0.7484375 0.0109375 0.03828125