0 0.23046875 0.03359375 0.04375 0.015625
0 0.1 0.0671875 0.015625 0.009375
0 0.06328125 0.08359375 0.0140625 0.0125
0 0.3171875 0.084375 0.0125 0.0265625
0 0.23125 0.134375 0.04375 0.015625
0 0.234375 0.14765625 0.0296875 0.0109375
0 0.5625 0.15625 0.015625 0.009375
0 0.4875 0.175 0.015625 0.0328125
0 0.6453125 0.18125 0.0125 0.034375
0 0.3953125 0.22890625 0.09375 0.021875
0 0.39609375 0.29453125 0.0953125 0.0234375
0 0.14296875 0.25546875 0.0125 0.0265625
0 0.14296875 0.38671875 0.015625 0.0265625
0 0.14296875 0.51171875 0.0140625 0.0265625
0 0.1015625 0.51171875 0.0140625 0.015625
0 0.1421875 0.62578125 0.015625 0.028125
0 0.14296875 0.74609375 0.015625 0.028125
0 0.14296875 0.81640625 0.0125 0.0125
0 0.30234375 0.8 0.0140625 0.0125
0 0.303125 0.68671875 0.0125 0.028125
0 0.303125 0.55859375 0.0125 0.028125
0 0.303125 0.43125 0.0125 0.028125
0 0.303125 0.31484375 0.0125 0.028125
0 0.3296875 0.8375 0.059375 0.009375