0 0.11875 0.0265625 0.0625 0.025
0 0.115625 0.04375 0.0859375 0.0234375
0 0.27890625 0.06875 0.0328125 0.01875
0 0.5375 0.37109375 0.015625 0.04375
0 0.5109375 0.36875 0.015625 0.040625
0 0.46484375 0.59609375 0.0453125 0.0203125
0 0.0640625 0.553125 0.0453125 0.0203125
0 0.03125 0.67890625 0.0125 0.0203125
0 0.240625 0.79453125 0.025 0.01875
0 0.3578125 0.78046875 0.0328125 0.025
0 0.6015625 0.815625 0.053125 0.0203125
0 0.75 0.82734375 0.040625 0.0171875
0 0.8875 0.84140625 0.0140625 0.0171875
0 0.940625 0.77265625 0.0125 0.025
0 0.728125 0.64921875 0.059375 0.0328125