0 0.0421875 0.134375 0.06875 0.0203125
0 0.29140625 0.03671875 0.1125 0.040625
0 0.2921875 0.07734375 0.0125 0.0125
0 0.37265625 0.140625 0.01875 0.0140625
0 0.4203125 0.484375 0.0203125 0.03125
0 0.4625 0.7796875 0.0171875 0.0109375
0 0.55 0.62734375 0.1265625 0.0546875
0 0.12109375 0.83046875 0.01875 0.01875
0 0.01328125 0.5140625 0.021875 0.0234375
0 0.07734375 0.50390625 0.0171875 0.034375
0 0.70078125 0.78515625 0.0140625 0.0125
0 0.40390625 0.83046875 0.0140625 0.0140625
0 0.31328125 0.86484375 0.021875 0.0140625
0 0.31015625 0.84375 0.0203125 0.0140625
0 0.2125 0.8578125 0.0140625 0.0140625