0 0.059375 0.15859375 0.0453125 0.0203125
0 0.1421875 0.16484375 0.05 0.034375
0 0.1453125 0.23203125 0.05625 0.034375
0 0.2671875 0.1375 0.065625 0.0328125
0 0.365625 0.11953125 0.03125 0.0171875
0 0.3 0.10546875 0.0203125 0.0171875
0 0.36875 0.078125 0.0234375 0.01875
0 0.2 0.1375 0.01875 0.0171875
0 0.37890625 0.23828125 0.05625 0.034375
0 0.30625 0.421875 0.0296875 0.0171875
0 0.078125 0.2515625 0.0265625 0.0265625
0 0.109375 0.28515625 0.0171875 0.0375
0 0.02265625 0.3875 0.021875 0.06875
0 0.09375 0.40703125 0.028125 0.0203125
0 0.11953125 0.3796875 0.01875 0.0390625
0 0.0984375 0.44453125 0.0265625 0.0234375
0 0.13046875 0.47578125 0.01875 0.0390625
0 0.11484375 0.60078125 0.0265625 0.021875
0 0.140625 0.57109375 0.01875 0.0390625
0 0.17890625 0.31875 0.015625 0.0421875
0 0.18828125 0.403125 0.0140625 0.0390625
0 0.2 0.5109375 0.0171875 0.040625
0 0.21015625 0.615625 0.0140625 0.03125
0 0.18125 0.55 0.0140625 0.0171875
0 0.2453125 0.58359375 0.0140625 0.0171875
0 0.28046875 0.590625 0.0265625 0.01875
0 0.33125 0.67421875 0.028125 0.01875
0 0.4234375 0.5625 0.0140625 0.0265625
0 0.40703125 0.40546875 0.0140625 0.0328125
0 0.44453125 0.39453125 0.0140625 0.034375
0 0.459375 0.53515625 0.0125 0.01875
0 0.66015625 0.21796875 0.015625 0.034375
0 0.6765625 0.36953125 0.015625 0.03125
0 0.696875 0.3859375 0.0140625 0.0328125
0 0.709375 0.3671875 0.0125 0.021875
0 0.6921875 0.521875 0.015625 0.0328125
0 0.71796875 0.59296875 0.0140625 0.025
0 0.7 0.6046875 0.0140625 0.015625
0 0.6375 0.51015625 0.0171875 0.01875
0 0.559375 0.51875 0.025 0.01875
0 0.30625 0.71484375 0.0171875 0.0171875
0 0.26640625 0.7359375 0.0171875 0.015625
0 0.46015625 0.6984375 0.028125 0.01875
0 0.4671875 0.71484375 0.028125 0.0171875
0 0.6734375 0.6921875 0.01875 0.01875
0 0.40703125 0.73515625 0.021875 0.0203125
0 0.53046875 0.72578125 0.0234375 0.01875
0 0.43671875 0.784375 0.028125 0.01875
0 0.47890625 0.8484375 0.0296875 0.0203125
0 0.2046875 0.809375 0.0140625 0.0328125
0 0.71875 0.75 0.015625 0.0328125
0 0.74296875 0.75703125 0.0140625 0.01875
0 0.71953125 0.1625 0.015625 0.0375
0 0.73125 0.27734375 0.0171875 0.04375
0 0.74140625 0.39921875 0.021875 0.06875
0 0.7625 0.465625 0.01875 0.05625
0 0.79296875 0.446875 0.015625 0.034375
0 0.775 0.38984375 0.0171875 0.0171875
0 0.80234375 0.3875 0.0109375 0.0171875
0 0.82734375 0.39609375 0.015625 0.04375
0 0.81875 0.26875 0.015625 0.0296875
0 0.75625 0.23203125 0.0125 0.0171875
0 0.8109375 0.62421875 0.0171875 0.015625
0 0.81796875 0.6390625 0.0171875 0.015625