0 0.2546875 0.85234375 0.034375 0.0140625
0 0.30703125 0.78203125 0.0140625 0.0203125
0 0.203125 0.75625 0.03125 0.015625
0 0.03359375 0.7859375 0.0078125 0.0140625
0 0.0140625 0.6640625 0.009375 0.034375
0 0.0796875 0.43359375 0.05625 0.015625
0 0.2609375 0.3203125 0.015625 0.0125
0 0.428125 0.35078125 0.009375 0.046875
0 0.453125 0.46640625 0.0515625 0.0265625
0 0.66953125 0.55390625 0.009375 0.03125
0 0.66640625 0.7296875 0.009375 0.0171875
0 0.609375 0.47890625 0.0125 0.0125
0 0.67734375 0.425 0.0453125 0.040625
0 0.9171875 0.56953125 0.015625 0.0453125
0 0.73984375 0.415625 0.0109375 0.0171875
0 0.775 0.36171875 0.05 0.0203125
0 0.50390625 0.24765625 0.0515625 0.015625
0 0.496875 0.16796875 0.01875 0.0625
0 0.47109375 0.13046875 0.0078125 0.025
0 0.46953125 0.065625 0.0125 0.03125
0 0.35859375 0.0484375 0.0515625 0.0265625
0 0.2671875 0.06640625 0.021875 0.0125
0 0.20390625 0.04921875 0.0625 0.025
0 0.06640625 0.053125 0.03125 0.0140625
0 0.0546875 0.109375 0.009375 0.009375
0 0.05390625 0.159375 0.009375 0.034375
0 0.05234375 0.2140625 0.0078125 0.009375
0 0.01484375 0.159375 0.009375 0.034375
0 0.26796875 0.2875 0.0265625 0.0140625