0 0.88828125 0.06015625 0.0125 0.053125
0 0.85546875 0.15078125 0.028125 0.1
0 0.8921875 0.25078125 0.0296875 0.025
0 0.9921875 0.709375 0.0078125 0.0484375
0 0.965625 0.8265625 0.0109375 0.0171875
0 0.88671875 0.8359375 0.103125 0.0421875
0 0.89765625 0.7109375 0.0234375 0.1046875
0 0.915625 0.603125 0.0234375 0.1015625
0 0.465625 0.0109375 0.0625 0.021875
0 0.540625 0.02734375 0.0359375 0.01875
0 0.38359375 0.090625 0.01875 0.040625
0 0.03203125 0.16796875 0.009375 0.0421875
0 0.02421875 0.540625 0.009375 0.065625
0 0.04296875 0.540625 0.0109375 0.0703125
0 0.08046875 0.83125 0.0171875 0.0140625
0 0.21796875 0.83359375 0.0359375 0.015625
0 0.45078125 0.83671875 0.0359375 0.0171875
0 0.7109375 0.840625 0.0359375 0.01875
0 0.19375 0.6671875 0.09375 0.0390625
0 0.37421875 0.1796875 0.009375 0.0125
0 0.39296875 0.22734375 0.040625 0.025
0 0.4171875 0.253125 0.01875 0.0171875
0 0.0953125 0.28046875 0.0140625 0.015625
0 0.440625 0.2859375 0.040625 0.01875
0 0.16171875 0.3203125 0.0421875 0.0203125
0 0.415625 0.32421875 0.040625 0.0171875
0 0.29296875 0.346875 0.0296875 0.01875
0 0.4328125 0.34921875 0.015625 0.0171875
0 0.45390625 0.35 0.015625 0.0171875
0 0.47734375 0.35 0.015625 0.0171875
0 0.47109375 0.46875 0.015625 0.0171875
0 0.3734375 0.41015625 0.009375 0.0203125
0 0.38828125 0.3875 0.009375 0.0140625
0 0.60078125 0.234375 0.090625 0.0375