0 0.2625 0.0453125 0.0375 0.0125
0 0.5390625 0.15625 0.07578125 0.02421875
0 0.49765625 0.3046875 0.08515625 0.02421875
0 0.2671875 0.303125 0.03671875 0.0109375
0 0.084375 0.31484375 0.0578125 0.01171875
0 0.059375 0.5625 0.015625 0.028125
0 0.3359375 0.8421875 0.03515625 0.0109375
0 0.73125 0.2671875 0.01875 0.01171875
0 0.69453125 0.290625 0.053125 0.01015625
0 0.78046875 0.28984375 0.0125 0.009375
0 0.69453125 0.31875 0.01640625 0.0109375
0 0.79375 0.421875 0.01484375 0.009375
0 0.8953125 0.3984375 0.01640625 0.03046875
0 0.53984375 0.4546875 0.01328125 0.01171875
0 0.5671875 0.4828125 0.01953125 0.02109375
0 0.54140625 0.5234375 0.01328125 0.01796875
0 0.4921875 0.5921875 0.015625 0.03828125
0 0.57578125 0.59140625 0.02734375 0.01171875
0 0.66484375 0.590625 0.03984375 0.0109375
0 0.80234375 0.590625 0.01796875 0.0125
0 0.6546875 0.65234375 0.02734375 0.0515625
0 0.87421875 0.7078125 0.0171875 0.0265625
0 0.89921875 0.71015625 0.01484375 0.01875
0 0.92265625 0.7390625 0.01171875 0.01328125
0 0.5296875 0.71875 0.0140625 0.0140625
0 0.59921875 0.75 0.02109375 0.01015625
0 0.55703125 0.8390625 0.0671875 0.0109375
0 0.740625 0.840625 0.01796875 0.01015625