0 0.44609375 0.0234375 0.0703125 0.0203125
0 0.44609375 0.0375 0.0859375 0.01875
0 0.27421875 0.09609375 0.046875 0.0203125
0 0.32578125 0.1859375 0.015625 0.015625
0 0.29296875 0.309375 0.021875 0.0125
0 0.00390625 0.24140625 0.0078125 0.0296875
0 0.03515625 0.2109375 0.0265625 0.0328125
0 0.22578125 0.4484375 0.0375 0.0140625
0 0.3109375 0.44140625 0.0421875 0.0140625
0 0.5875 0.5328125 0.103125 0.021875
0 0.5890625 0.54453125 0.0828125 0.0203125
0 0.07734375 0.63671875 0.01875 0.03125
0 0.10234375 0.6859375 0.015625 0.0359375
0 0.10703125 0.753125 0.015625 0.0140625
0 0.20390625 0.80546875 0.0328125 0.0140625
0 0.3078125 0.796875 0.059375 0.0140625
0 0.55859375 0.7609375 0.0171875 0.025
0 0.553125 0.6921875 0.0171875 0.03125
0 0.5484375 0.6375 0.0171875 0.0296875
0 0.68046875 0.70390625 0.0328125 0.0609375
0 0.76171875 0.75078125 0.021875 0.0125