0 0.284375 0.0984375 0.0328125 0.0359375
0 0.2890625 0.17578125 0.025 0.0203125
0 0.32578125 0.178125 0.0203125 0.090625
0 0.31328125 0.3984375 0.021875 0.0171875
0 0.3546875 0.45625 0.0140625 0.0765625
0 0.3296875 0.49140625 0.021875 0.1421875
0 0.315625 0.52734375 0.0125 0.071875
0 0.28125 0.47578125 0.0578125 0.01875
0 0.65703125 0.046875 0.5328125 0.03125
0 0.815625 0.09609375 0.146875 0.0359375
0 0.4296875 0.01484375 0.04375 0.028125
0 0.628125 0.18125 0.1796875 0.034375
0 0.496875 0.25859375 0.0203125 0.1203125
0 0.37421875 0.1578125 0.0109375 0.021875
0 0.375 0.2578125 0.0171875 0.215625
0 0.378125 0.37421875 0.0125 0.0203125
0 0.37890625 0.44921875 0.0140625 0.1359375
0 0.38125 0.52578125 0.0125 0.021875
0 0.38046875 0.54921875 0.0109375 0.0296875
0 0.39375 0.59375 0.0484375 0.0203125
0 0.4703125 0.32421875 0.0265625 0.025
0 0.490625 0.4046875 0.0328125 0.0171875
0 0.6296875 0.3296875 0.2078125 0.01875
0 0.82734375 0.3265625 0.1984375 0.0203125
0 0.81640625 0.17421875 0.2171875 0.0203125
0 0.75390625 0.4 0.284375 0.021875
0 0.46953125 0.42578125 0.0921875 0.0203125
0 0.56171875 0.42421875 0.109375 0.0203125
0 0.66484375 0.421875 0.1046875 0.0203125
0 0.76328125 0.4203125 0.109375 0.0203125
0 0.8546875 0.41875 0.0859375 0.01875
0 0.91171875 0.41796875 0.0359375 0.01875
0 0.86875 0.46640625 0.0140625 0.040625
0 0.94453125 0.25 0.015625 0.11875
0 0.946875 0.4296875 0.0171875 0.25
0 0.9625 0.33203125 0.0203125 0.45625
0 0.66484375 0.49375 0.0296875 0.01875
0 0.62109375 0.47578125 0.0421875 0.01875
0 0.596875 0.5234375 0.0296875 0.01875
0 0.5921875 0.54609375 0.0125 0.0265625
0 0.653125 0.56484375 0.046875 0.01875
0 0.6921875 0.55 0.0390625 0.015625
0 0.7375 0.5375 0.0125 0.0421875
0 0.7546875 0.52890625 0.0140625 0.05625
0 0.665625 0.596875 0.1046875 0.01875
0 0.6859375 0.63046875 0.428125 0.0265625
0 0.9140625 0.6265625 0.040625 0.01875
0 0.76953125 0.58671875 0.0453125 0.028125
0 0.64296875 0.75546875 0.0140625 0.046875
0 0.6484375 0.79609375 0.065625 0.0296875
0 0.6984375 0.7765625 0.034375 0.015625
0 0.9640625 0.73359375 0.0125 0.040625