0 0.0640625 0.2546875 0.0109375 0.0125
0 0.03671875 0.40390625 0.021875 0.053125
0 0.1328125 0.39609375 0.01015625 0.03203125
0 0.1765625 0.40078125 0.01484375 0.03359375
0 0.2296875 0.4078125 0.009375 0.05625
0 0.2296875 0.28984375 0.009375 0.028125
0 0.2703125 0.39765625 0.01015625 0.028125
0 0.29375 0.39765625 0.01328125 0.040625
0 0.346875 0.38828125 0.01015625 0.02734375
0 0.4265625 0.390625 0.01015625 0.0265625
0 0.3859375 0.290625 0.01015625 0.01484375
0 0.31484375 0.19765625 0.01953125 0.01640625
0 0.4484375 0.22578125 0.01875 0.0171875
0 0.45625 0.24765625 0.0125 0.0140625
0 0.57578125 0.19765625 0.0125 0.0140625
0 0.67421875 0.2265625 0.0125 0.0140625
0 0.559375 0.14296875 0.04765625 0.02265625
0 0.3390625 0.4984375 0.034375 0.015625
0 0.353125 0.5375 0.0109375 0.0140625
0 0.41953125 0.50703125 0.0265625 0.021875
0 0.49140625 0.5125 0.03125 0.0140625
0 0.609375 0.5375 0.03046875 0.01484375
0 0.87265625 0.359375 0.01015625 0.028125
0 0.8890625 0.35859375 0.01796875 0.03984375
0 0.75546875 0.56640625 0.0140625 0.01484375
0 0.76796875 0.5921875 0.0125 0.0140625
0 0.8234375 0.5921875 0.0140625 0.0140625
0 0.7125 0.6171875 0.025 0.015625
0 0.85859375 0.63046875 0.015625 0.0375
0 0.8875 0.7328125 0.01171875 0.0375
0 0.90390625 0.72421875 0.0109375 0.04453125
0 0.92734375 0.7015625 0.01015625 0.03671875
0 0.7703125 0.8046875 0.02734375 0.0234375
0 0.64140625 0.73359375 0.01015625 0.0390625
0 0.54453125 0.69765625 0.0203125 0.01484375
0 0.521875 0.79296875 0.009375 0.034375
0 0.50390625 0.71171875 0.009375 0.0109375
0 0.3375 0.7984375 0.01484375 0.04921875
0 0.3 0.796875 0.0109375 0.0453125
0 0.26171875 0.703125 0.0140625 0.04453125
0 0.315625 0.67265625 0.02265625 0.01640625