0 0.25078125 0.04765625 0.05390625 0.01015625
0 0.09609375 0.08359375 0.1 0.01015625
0 0.39375 0.08359375 0.11640625 0.01015625
0 0.4484375 0.15859375 0.015625 0.03828125
0 0.3390625 0.21953125 0.02578125 0.01875
0 0.11484375 0.23046875 0.06484375 0.01171875
0 0.11328125 0.24140625 0.08359375 0.01015625
0 0.24921875 0.30703125 0.02890625 0.01015625
0 0.25390625 0.3296875 0.07265625 0.0203125
0 0.32734375 0.33984375 0.015625 0.08125
0 0.6890625 0.33125 0.075 0.021875
0 0.85546875 0.40625 0.0109375 0.00703125
0 0.37734375 0.4078125 0.02109375 0.0265625
0 0.38125 0.4578125 0.0109375 0.0109375
0 0.43828125 0.57734375 0.01796875 0.03203125
0 0.4828125 0.5765625 0.0125 0.0234375
0 0.3265625 0.68359375 0.015625 0.00859375
0 0.43828125 0.7140625 0.01171875 0.01171875
0 0.43828125 0.73515625 0.01171875 0.01484375
0 0.88359375 0.7421875 0.02734375 0.009375
0 0.06875 0.7234375 0.01953125 0.02734375
0 0.10234375 0.7640625 0.01484375 0.0328125
0 0.24765625 0.77421875 0.07265625 0.01875
0 0.24296875 0.8046875 0.0703125 0.01484375
0 0.24375 0.81953125 0.02890625 0.01015625