0 0.4265625 0.03828125 0.015625 0.0140625
0 0.17421875 0.04921875 0.0125 0.0140625
0 0.4140625 0.084375 0.03125 0.0171875
0 0.6703125 0.1203125 0.0109375 0.015625
0 0.74921875 0.159375 0.0796875 0.0453125
0 0.6953125 0.3625 0.0453125 0.0203125
0 0.06640625 0.17578125 0.015625 0.0390625
0 0.0828125 0.209375 0.0125 0.0234375
0 0.14921875 0.35859375 0.015625 0.015625
0 0.37734375 0.390625 0.015625 0.015625
0 0.6 0.42109375 0.015625 0.015625
0 0.3703125 0.4328125 0.0390625 0.0203125
0 0.36640625 0.46484375 0.04375 0.0203125
0 0.1703125 0.58515625 0.0125 0.0203125
0 0.025 0.61484375 0.0125 0.0203125
0 0.19765625 0.74140625 0.0109375 0.015625
0 0.4484375 0.7765625 0.0109375 0.015625
0 0.29140625 0.76640625 0.0859375 0.0421875
0 0.6515625 0.71328125 0.015625 0.03125
0 0.6828125 0.675 0.0234375 0.0453125