0 0.15234375 0.153125 0.0328125 0.01875
0 0.37890625 0.090625 0.0703125 0.0453125
0 0.48359375 0.36875 0.0171875 0.040625
0 0.5078125 0.36640625 0.0171875 0.0421875
0 0.50078125 0.59765625 0.04375 0.021875
0 0.06953125 0.66640625 0.0421875 0.0203125
0 0.0828125 0.79140625 0.0125 0.01875
0 0.44609375 0.796875 0.0296875 0.0234375
0 0.31875 0.84765625 0.0171875 0.015625
0 0.7265625 0.5875 0.0625 0.0359375
0 0.64765625 0.778125 0.053125 0.021875
0 0.8046875 0.7484375 0.034375 0.0203125
0 0.96484375 0.7234375 0.0171875 0.0171875
0 0.9953125 0.646875 0.009375 0.025