0 0.0265625 0.13359375 0.053125 0.0390625
0 0.1765625 0.13125 0.034375 0.0203125
0 0.13515625 0.1640625 0.0109375 0.0125
0 0.2140625 0.1578125 0.0109375 0.0125
0 0.36484375 0.1234375 0.071875 0.034375
0 0.00546875 0.278125 0.0109375 0.06875
0 0.07421875 0.42890625 0.009375 0.015625
0 0.34921875 0.3375 0.0140625 0.05625
0 0.3765625 0.33671875 0.0140625 0.040625
0 0.1125 0.5390625 0.0109375 0.0140625
0 0.26484375 0.528125 0.0109375 0.0140625
0 0.19765625 0.56015625 0.03125 0.0203125
0 0.5328125 0.07734375 0.0140625 0.0171875
0 0.49453125 0.10859375 0.009375 0.0171875
0 0.665625 0.31796875 0.0125 0.0265625
0 0.640625 0.4046875 0.01875 0.075
0 0.04765625 0.684375 0.0109375 0.0125
0 0.37734375 0.6609375 0.0109375 0.0125