0 0.11640625 0.0453125 0.0859375 0.0421875
0 0.275 0.07265625 0.034375 0.0203125
0 0.22890625 0.09609375 0.0109375 0.0125
0 0.30546875 0.1046875 0.0109375 0.0125
0 0.45390625 0.1 0.06875 0.0375
0 0.0796875 0.17890625 0.0265625 0.0671875
0 0.1234375 0.33515625 0.0109375 0.015625
0 0.4 0.3 0.0171875 0.0546875
0 0.42578125 0.30390625 0.0140625 0.0390625
0 0.1390625 0.44609375 0.0109375 0.0140625
0 0.28515625 0.4640625 0.0109375 0.0140625
0 0.21640625 0.4828125 0.0296875 0.0203125
0 0.621875 0.08671875 0.015625 0.0171875
0 0.5796875 0.11015625 0.0109375 0.0171875
0 0.703125 0.33828125 0.0125 0.0265625
0 0.66328125 0.41640625 0.021875 0.0734375
0 0.0515625 0.571875 0.0109375 0.0140625
0 0.3671875 0.61015625 0.0109375 0.0140625