0 0.54296875 0.06015625 0.025 0.01953125
0 0.5171875 0.0890625 0.01328125 0.0171875
0 0.48046875 0.11875 0.01484375 0.015625
0 0.53203125 0.14765625 0.0109375 0.01328125
0 0.48359375 0.1515625 0.0171875 0.01640625
0 0.55390625 0.23984375 0.01015625 0.02734375
0 0.46953125 0.28671875 0.00859375 0.0171875
0 0.45234375 0.27734375 0.00859375 0.04296875
0 0.56875 0.2828125 0.0140625 0.01484375
0 0.59609375 0.3109375 0.01484375 0.01484375
0 0.5078125 0.37578125 0.0140625 0.01484375
0 0.55625 0.428125 0.009375 0.01484375
0 0.5046875 0.4546875 0.009375 0.01484375
0 0.51328125 0.4890625 0.02734375 0.01171875
0 0.6125 0.4609375 0.01328125 0.03984375
0 0.61328125 0.54765625 0.01015625 0.02265625
0 0.61328125 0.621875 0.01015625 0.03125
0 0.59296875 0.66484375 0.01015625 0.01171875
0 0.55078125 0.60234375 0.0359375 0.0140625
0 0.5546875 0.528125 0.01875 0.0203125
0 0.46328125 0.6296875 0.01015625 0.03125
0 0.50234375 0.70078125 0.009375 0.01484375
0 0.509375 0.73203125 0.01640625 0.0171875
0 0.55703125 0.7234375 0.0171875 0.0203125
0 0.51796875 0.765625 0.021875 0.0140625
0 0.42421875 0.42109375 0.01015625 0.03046875
0 0.18671875 0.7484375 0.0296875 0.0203125
0 0.2640625 0.42890625 0.0390625 0.01640625
0 0.2671875 0.29140625 0.01875 0.0734375
0 0.25234375 0.16171875 0.01171875 0.03671875
0 0.2125 0.14765625 0.0078125 0.01171875
0 0.165625 0.14765625 0.00859375 0.01171875