0 0.18984375 0.08515625 0.0609375 0.0171875
0 0.4375 0.06796875 0.025 0.0125
0 0.66015625 0.08671875 0.0234375 0.0140625
0 0.6203125 0.11328125 0.0484375 0.015625
0 0.7640625 0.13203125 0.0640625 0.025
0 0.91796875 0.14375 0.1203125 0.0453125
0 0.621875 0.2 0.015625 0.0109375
0 0.40546875 0.21953125 0.0171875 0.0109375
0 0.0734375 0.309375 0.01875 0.0296875
0 0.12265625 0.32109375 0.0171875 0.028125
0 0.8421875 0.3765625 0.0203125 0.0296875
0 0.8828125 0.3796875 0.0203125 0.04375
0 0.39140625 0.465625 0.0171875 0.009375
0 0.29140625 0.56875 0.0140625 0.0125
0 0.08984375 0.5625 0.1234375 0.0484375
0 0.83984375 0.62109375 0.1 0.0296875
0 0.33984375 0.62109375 0.0859375 0.0328125
0 0.55390625 0.62578125 0.0234375 0.0125
0 0.77890625 0.76484375 0.0265625 0.025
0 0.465625 0.81484375 0.075 0.0265625
0 0.45625 0.840625 0.0453125 0.0140625
0 0.12421875 0.715625 0.0171875 0.015625
0 0.09765625 0.69375 0.01875 0.0328125