0 0.16171875 0.1203125 0.059375 0.0125
0 0.40390625 0.08125 0.02421875 0.0109375
0 0.625 0.08125 0.02109375 0.01171875
0 0.58828125 0.11015625 0.046875 0.01015625
0 0.73203125 0.11640625 0.06328125 0.01953125
0 0.884375 0.11484375 0.1171875 0.03515625
0 0.59765625 0.19609375 0.01484375 0.009375
0 0.38515625 0.23359375 0.015625 0.009375
0 0.06640625 0.35 0.01640625 0.02734375
0 0.11640625 0.35859375 0.015625 0.0265625
0 0.83046875 0.35078125 0.0171875 0.028125
0 0.87109375 0.35078125 0.01640625 0.04140625
0 0.39296875 0.47734375 0.01640625 0.00859375
0 0.30390625 0.5875 0.01328125 0.01171875
0 0.1046875 0.59921875 0.11953125 0.03671875
0 0.84921875 0.59140625 0.096875 0.02109375
0 0.35546875 0.63515625 0.0828125 0.02421875
0 0.56796875 0.621875 0.021875 0.0109375
0 0.80078125 0.73984375 0.0234375 0.0234375
0 0.49609375 0.815625 0.07265625 0.01953125
0 0.48984375 0.84140625 0.04375 0.0109375
0 0.1515625 0.746875 0.015625 0.0140625
0 0.1234375 0.72734375 0.01640625 0.03125