0 0.2125 0.10234375 0.0296875 0.0140625
0 0.4421875 0.0765625 0.0640625 0.034375
0 0.5015625 0.3640625 0.0109375 0.0390625
0 0.525 0.36484375 0.01015625 0.040625
0 0.48203125 0.5890625 0.04140625 0.015625
0 0.05234375 0.5890625 0.03984375 0.01484375
0 0.04609375 0.7125 0.01015625 0.01796875
0 0.3984375 0.7734375 0.0265625 0.01953125
0 0.2671875 0.80390625 0.0140625 0.0140625
0 0.70390625 0.61328125 0.0578125 0.0265625
0 0.59765625 0.7859375 0.05 0.01484375
0 0.7546875 0.78203125 0.03203125 0.015625
0 0.91484375 0.7828125 0.0140625 0.01484375
0 0.959375 0.71328125 0.009375 0.0234375