0 0.30078125 0.81484375 0.03125 0.0125
0 0.3484375 0.74765625 0.01171875 0.01953125
0 0.2515625 0.72578125 0.02890625 0.01484375
0 0.09296875 0.75625 0.00703125 0.01328125
0 0.07265625 0.64296875 0.00859375 0.03125
0 0.04921875 0.59296875 0.009375 0.03125
0 0.13046875 0.425 0.05234375 0.0140625
0 0.2984375 0.31640625 0.01484375 0.0109375
0 0.45625 0.3421875 0.0078125 0.04296875
0 0.48046875 0.45 0.04765625 0.0234375
0 0.68515625 0.528125 0.00859375 0.028125
0 0.68515625 0.69296875 0.0078125 0.01484375
0 0.628125 0.459375 0.0109375 0.01171875
0 0.68984375 0.4078125 0.0421875 0.03671875
0 0.91796875 0.5390625 0.0140625 0.04296875
0 0.74921875 0.39765625 0.009375 0.01484375
0 0.78125 0.346875 0.046875 0.01875
0 0.525 0.24375 0.04765625 0.01328125
0 0.5171875 0.16953125 0.01640625 0.05859375
0 0.49296875 0.13515625 0.00703125 0.02265625
0 0.48984375 0.07421875 0.0109375 0.028125
0 0.3859375 0.059375 0.04765625 0.0234375
0 0.3 0.078125 0.0203125 0.0109375
0 0.23984375 0.06328125 0.0578125 0.021875
0 0.1109375 0.06875 0.0296875 0.0125
0 0.10078125 0.121875 0.0078125 0.009375
0 0.1015625 0.16875 0.00859375 0.03125
0 0.1015625 0.2203125 0.0078125 0.00859375
0 0.0640625 0.16953125 0.0078125 0.0328125
0 0.3046875 0.28515625 0.02421875 0.0125