0 0.1453125 0.04296875 0.134375 0.02109375
0 0.1796875 0.06796875 0.065625 0.021875
0 0.0515625 0.17578125 0.0171875 0.1421875
0 0.240625 0.18828125 0.01640625 0.1890625
0 0.13828125 0.31484375 0.10078125 0.02578125
0 0.21171875 0.3359375 0.08203125 0.03203125
0 0.23515625 0.39453125 0.015625 0.04765625
0 0.28359375 0.5765625 0.01640625 0.415625
0 0.26640625 0.64609375 0.0171875 0.27578125
0 0.22890625 0.584375 0.01875 0.05703125
0 0.240625 0.653125 0.02421875 0.14609375
0 0.2140625 0.4984375 0.075 0.02265625
0 0.490625 0.2640625 0.134375 0.01875
0 0.4921875 0.30234375 0.1046875 0.0359375
0 0.6078125 0.32109375 0.0609375 0.034375
0 0.39921875 0.44453125 0.01875 0.15078125
0 0.39921875 0.55 0.0171875 0.0734375
0 0.49140625 0.49921875 0.0890625 0.02109375
0 0.45703125 0.5265625 0.01875 0.0234375
0 0.52734375 0.5265625 0.01796875 0.02265625
0 0.4765625 0.55859375 0.015625 0.03046875
0 0.50390625 0.55859375 0.0171875 0.03046875
0 0.49296875 0.6 0.06953125 0.02265625
0 0.4921875 0.6421875 0.103125 0.0203125
0 0.4265625 0.675 0.0375 0.02109375
0 0.5546875 0.675 0.03359375 0.02109375
0 0.63359375 0.771875 0.07890625 0.04921875
0 0.4921875 0.74765625 0.04921875 0.02265625
0 0.58125 0.53828125 0.015625 0.14921875
0 0.60390625 0.4921875 0.01796875 0.24296875
0 0.62421875 0.54375 0.02265625 0.34609375
0 0.6046875 0.63671875 0.015625 0.0609375