0 0.34453125 0.07890625 0.015625 0.015625
0 0.41640625 0.11171875 0.0296875 0.0234375
0 0.55 0.16953125 0.028125 0.0234375
0 0.61328125 0.16484375 0.0296875 0.0296875
0 0.534375 0.10390625 0.0453125 0.03125
0 0.48984375 0.2171875 0.0140625 0.021875
0 0.20703125 0.33125 0.0125 0.0265625
0 0.2421875 0.41484375 0.0109375 0.0203125
0 0.2359375 0.51640625 0.0109375 0.01875
0 0.38984375 0.44140625 0.0328125 0.01875
0 0.65234375 0.4234375 0.0140625 0.03125
0 0.30703125 0.57578125 0.0140625 0.0171875
0 0.44765625 0.5859375 0.0265625 0.01875
0 0.43046875 0.61484375 0.0265625 0.01875
0 0.08984375 0.61796875 0.015625 0.01875
0 0.28671875 0.7828125 0.0140625 0.0171875
0 0.37109375 0.78828125 0.0375 0.01875
0 0.50625 0.7984375 0.0296875 0.01875
0 0.64453125 0.72421875 0.0625 0.0390625