0 0.2078125 0.06328125 0.01875 0.01875
0 0.29296875 0.0828125 0.034375 0.0296875
0 0.45078125 0.11484375 0.0328125 0.028125
0 0.51953125 0.09453125 0.034375 0.0359375
0 0.41953125 0.04609375 0.053125 0.0390625
0 0.39765625 0.1796875 0.0171875 0.025
0 0.11640625 0.36953125 0.015625 0.0296875
0 0.1734375 0.45234375 0.0140625 0.0234375
0 0.18984375 0.5640625 0.0140625 0.021875
0 0.33984375 0.446875 0.0390625 0.025
0 0.621875 0.36640625 0.0171875 0.034375
0 0.28046875 0.6109375 0.0171875 0.01875
0 0.4359375 0.58984375 0.03125 0.021875
0 0.42421875 0.6265625 0.03125 0.0234375
0 0.0546875 0.7078125 0.01875 0.0203125
0 0.30703125 0.8421875 0.0171875 0.0203125
0 0.39921875 0.82890625 0.0421875 0.0234375
0 0.54921875 0.8078125 0.0328125 0.021875
0 0.6828125 0.6953125 0.071875 0.046875