0 0.31953125 0.0078125 0.0421875 0.015625
0 0.596875 0.1765625 0.0859375 0.040625
0 0.5234375 0.32890625 0.096875 0.0421875
0 0.2765625 0.28359375 0.040625 0.01875
0 0.078125 0.26171875 0.0640625 0.0234375
0 0.00703125 0.52265625 0.0140625 0.0328125
0 0.24921875 0.87578125 0.040625 0.01875
0 0.7828125 0.33359375 0.021875 0.015625
0 0.73828125 0.35078125 0.059375 0.0203125
0 0.83125 0.36640625 0.015625 0.0125
0 0.7328125 0.38125 0.0203125 0.0140625
0 0.8203125 0.51015625 0.0171875 0.0125
0 0.9328125 0.5046875 0.0234375 0.0359375
0 0.54140625 0.49765625 0.0171875 0.015625
0 0.565625 0.5328125 0.025 0.0265625
0 0.53046875 0.571875 0.0171875 0.021875
0 0.46328125 0.6359375 0.0234375 0.04375
0 0.55390625 0.6515625 0.03125 0.0171875
0 0.64921875 0.6671875 0.04375 0.01875
0 0.79765625 0.69375 0.021875 0.0171875
0 0.62734375 0.73203125 0.0390625 0.0609375
0 0.85234375 0.83359375 0.0234375 0.03125
0 0.8796875 0.840625 0.01875 0.0234375
0 0.8984375 0.87578125 0.0140625 0.015625
0 0.4796875 0.7796875 0.0171875 0.0171875
0 0.5484375 0.8265625 0.025 0.0140625
0 0.48671875 0.9140625 0.075 0.025
0 0.68359375 0.95078125 0.021875 0.0140625