0 0.2390625 0.06015625 0.0125 0.009375
0 0.10703125 0.10703125 0.0234375 0.0125
0 0.08359375 0.19140625 0.0140625 0.0109375
0 0.290625 0.19453125 0.0265625 0.0109375
0 0.08828125 0.34765625 0.0140625 0.009375
0 0.2921875 0.3515625 0.025 0.0109375
0 0.153125 0.41953125 0.025 0.0109375
0 0.05703125 0.44921875 0.021875 0.009375
0 0.153125 0.45078125 0.021875 0.009375
0 0.2484375 0.45234375 0.021875 0.009375
0 0.35859375 0.4546875 0.021875 0.009375
0 0.45546875 0.45625 0.021875 0.009375
0 0.05703125 0.4921875 0.009375 0.0140625
0 0.23125 0.6 0.0234375 0.009375
0 0.18125 0.57578125 0.0078125 0.0140625
0 0.31640625 0.57109375 0.009375 0.0125
0 0.33046875 0.56640625 0.009375 0.021875
0 0.25546875 0.50625 0.0140625 0.009375
0 0.253125 0.63828125 0.009375 0.0109375
0 0.1734375 0.67265625 0.025 0.0109375
0 0.221875 0.8140625 0.0078125 0.0078125
0 0.28359375 0.859375 0.0390625 0.0234375
0 0.6046875 0.4265625 0.00625 0.009375
0 0.63046875 0.196875 0.0109375 0.0109375
0 0.6390625 0.1 0.021875 0.0109375
0 0.58828125 0.2171875 0.0171875 0.0640625
0 0.5734375 0.48359375 0.0125 0.0359375
0 0.5828125 0.54453125 0.009375 0.034375
0 0.59375 0.56328125 0.0109375 0.0203125
0 0.6578125 0.50703125 0.0203125 0.0125
0 0.55390625 0.175 0.0078125 0.009375
0 0.5515625 0.328125 0.0078125 0.0140625
0 0.55 0.396875 0.0078125 0.009375
0 0.546875 0.49921875 0.0078125 0.015625
0 0.54765625 0.55546875 0.0078125 0.009375
0 0.546875 0.5796875 0.009375 0.0140625
0 0.41796875 0.27734375 0.01875 0.0875
0 0.4875 0.0390625 0.05 0.0234375
0 0.465625 0.34765625 0.025 0.0125
0 0.48125 0.4265625 0.028125 0.0125
0 0.54765625 0.6078125 0.03125 0.0109375
0 0.32734375 0.60078125 0.0328125 0.0109375
0 0.28359375 0.58046875 0.0390625 0.0125
0 0.20859375 0.5015625 0.028125 0.0125
0 0.175 0.546875 0.0234375 0.0109375
0 0.15 0.6296875 0.0515625 0.025
0 0.28125 0.8328125 0.03125 0.0125