0 0.22109375 0.07421875 0.028125 0.015625
0 0.415625 0.06171875 0.08046875 0.0328125
0 0.46484375 0.0859375 0.009375 0.0140625
0 0.55 0.3359375 0.00859375 0.03984375
0 0.53046875 0.3359375 0.009375 0.03984375
0 0.51484375 0.5703125 0.03984375 0.0171875
0 0.06171875 0.5609375 0.04140625 0.01484375
0 0.0546875 0.71171875 0.01015625 0.01953125
0 0.28359375 0.8046875 0.01328125 0.0171875
0 0.4234375 0.77265625 0.0265625 0.0203125
0 0.5890625 0.7859375 0.0484375 0.015625
0 0.69609375 0.6125 0.0578125 0.0296875
0 0.75078125 0.78046875 0.03203125 0.01484375
0 0.92265625 0.7828125 0.0125 0.01484375
0 0.9671875 0.71171875 0.01015625 0.021875