0 0.303125 0.08828125 0.0109375 0.00859375
0 0.184375 0.1328125 0.02109375 0.01015625
0 0.1640625 0.209375 0.01171875 0.009375
0 0.3515625 0.209375 0.02421875 0.009375
0 0.17109375 0.35078125 0.01171875 0.0078125
0 0.35625 0.35078125 0.021875 0.009375
0 0.23046875 0.41484375 0.02265625 0.009375
0 0.0484375 0.2859375 0.0078125 0.0265625
0 0.034375 0.3546875 0.00703125 0.01640625
0 0.04921875 0.46328125 0.00703125 0.01796875
0 0.090625 0.44375 0.009375 0.00859375
0 0.14453125 0.44375 0.01875 0.00859375
0 0.23125 0.44375 0.0203125 0.00859375
0 0.31796875 0.44375 0.01953125 0.00859375
0 0.4171875 0.44375 0.01953125 0.00859375
0 0.50546875 0.44375 0.0203125 0.00859375
0 0.1453125 0.48203125 0.0078125 0.01171875
0 0.3046875 0.57734375 0.02109375 0.00859375
0 0.259375 0.55546875 0.00703125 0.01171875
0 0.38203125 0.54921875 0.0078125 0.0109375
0 0.39453125 0.5453125 0.0078125 0.01953125
0 0.325 0.49140625 0.0125 0.00859375
0 0.325 0.6109375 0.00859375 0.009375
0 0.08984375 0.64296875 0.009375 0.009375
0 0.253125 0.64296875 0.021875 0.009375
0 0.034375 0.7609375 0.0078125 0.02734375
0 0.29921875 0.77109375 0.00703125 0.00703125
0 0.35625 0.81171875 0.034375 0.0203125
0 0.63984375 0.41484375 0.0046875 0.00859375
0 0.659375 0.20546875 0.009375 0.009375
0 0.66640625 0.11796875 0.0203125 0.009375
0 0.621875 0.225 0.0140625 0.0578125
0 0.6125 0.46640625 0.0109375 0.03125
0 0.621875 0.52109375 0.0078125 0.03046875
0 0.63203125 0.53828125 0.01015625 0.0171875
0 0.6890625 0.4859375 0.01796875 0.01015625
0 0.58984375 0.1875 0.00703125 0.00859375
0 0.58984375 0.32578125 0.00703125 0.0125
0 0.58984375 0.38828125 0.00703125 0.00859375
0 0.5890625 0.48046875 0.00703125 0.01328125
0 0.58984375 0.53125 0.00703125 0.00859375
0 0.58984375 0.55390625 0.00859375 0.0125
0 0.46875 0.28203125 0.01640625 0.0796875
0 0.528125 0.06484375 0.0453125 0.0203125
0 0.5125 0.34453125 0.02265625 0.01015625
0 0.52734375 0.415625 0.025 0.0109375
0 0.590625 0.5796875 0.028125 0.009375
0 0.39140625 0.5765625 0.02890625 0.009375
0 0.3515625 0.55859375 0.03515625 0.01015625
0 0.2828125 0.48828125 0.025 0.01015625
0 0.253125 0.5296875 0.0203125 0.009375
0 0.23125 0.6046875 0.046875 0.021875
0 0.353125 0.7875 0.028125 0.0109375