0 0.24609375 0.0359375 0.04375 0.0140625
0 0.04921875 0.08046875 0.0578125 0.0265625
0 0.4390625 0.18671875 0.0171875 0.03125
0 0.2171875 0.35390625 0.0359375 0.015625
0 0.215625 0.38515625 0.0328125 0.015625
0 0.20390625 0.415625 0.034375 0.0171875
0 0.20234375 0.446875 0.084375 0.0265625
0 0.13828125 0.49140625 0.015625 0.0359375
0 0.0015625 0.571875 0.003125 0.021875
0 0.40546875 0.53984375 0.0140625 0.009375
0 0.40390625 0.565625 0.015625 0.015625
0 0.39765625 0.60078125 0.0234375 0.025
0 0.44609375 0.57734375 0.0265625 0.0375
0 0.48203125 0.58984375 0.015625 0.015625
0 0.521875 0.68046875 0.015625 0.0140625
0 0.39921875 0.66640625 0.0140625 0.0140625
0 0.234375 0.6375 0.0265625 0.0140625
0 0.0484375 0.671875 0.01875 0.0203125
0 0.3296875 0.703125 0.0828125 0.021875
0 0.3828125 0.8 0.015625 0.0140625
0 0.4734375 0.75390625 0.015625 0.0140625
0 0.1796875 0.87578125 0.059375 0.0140625
0 0.5984375 0.5640625 0.015625 0.0359375
0 0.95703125 0.56796875 0.015625 0.0109375
0 0.95390625 0.61953125 0.0140625 0.015625