0 0.25390625 0.078125 0.03828125 0.01171875
0 0.51015625 0.20859375 0.08125 0.025
0 0.06796875 0.39765625 0.05703125 0.0109375
0 0.24140625 0.39140625 0.040625 0.0109375
0 0.465625 0.39609375 0.08515625 0.025
0 0.04765625 0.5984375 0.0140625 0.028125
0 0.28515625 0.83046875 0.05234375 0.0109375
0 0.73671875 0.33984375 0.02109375 0.01015625
0 0.6953125 0.365625 0.05234375 0.01015625
0 0.78671875 0.36640625 0.0109375 0.0109375
0 0.72734375 0.39453125 0.01640625 0.01015625
0 0.8890625 0.4625 0.0171875 0.0140625
0 0.78125 0.4859375 0.01328125 0.00859375
0 0.5421875 0.484375 0.01484375 0.01328125
0 0.54296875 0.56484375 0.01484375 0.0203125
0 0.659375 0.58046875 0.028125 0.0109375
0 0.484375 0.60625 0.01328125 0.03984375
0 0.57890625 0.6140625 0.040625 0.0140625
0 0.7953125 0.6484375 0.01875 0.01015625
0 0.66796875 0.6640625 0.028125 0.05234375
0 0.59453125 0.715625 0.01796875 0.01875
0 0.53984375 0.7234375 0.01484375 0.0140625
0 0.89609375 0.7140625 0.0125 0.01875
0 0.92890625 0.734375 0.01484375 0.0140625
0 0.8640625 0.75234375 0.01484375 0.02734375
0 0.65703125 0.7484375 0.021875 0.0125
0 0.7765625 0.81953125 0.01875 0.01015625
0 0.57265625 0.8234375 0.06796875 0.0109375