0 0.3 0.14765625 0.0359375 0.0390625
0 0.31171875 0.2234375 0.0265625 0.021875
0 0.3484375 0.22265625 0.028125 0.090625
0 0.35546875 0.44453125 0.0234375 0.01875
0 0.4015625 0.49765625 0.0203125 0.078125
0 0.3796875 0.534375 0.034375 0.14375
0 0.36796875 0.57265625 0.01875 0.071875
0 0.33046875 0.52421875 0.059375 0.0234375
0 0.6671875 0.06484375 0.5328125 0.078125
0 0.8296875 0.09921875 0.15 0.0484375
0 0.43828125 0.0515625 0.046875 0.03125
0 0.65 0.20078125 0.18125 0.0484375
0 0.52578125 0.28828125 0.0296875 0.121875
0 0.3953125 0.19921875 0.0125 0.0234375
0 0.40390625 0.2984375 0.0359375 0.215625
0 0.4171875 0.41328125 0.0140625 0.0203125
0 0.425 0.48828125 0.025 0.1359375
0 0.4328125 0.56484375 0.0140625 0.0234375
0 0.43515625 0.58828125 0.0140625 0.03125
0 0.4515625 0.63125 0.05 0.0234375
0 0.50546875 0.35625 0.0296875 0.0265625
0 0.53203125 0.434375 0.034375 0.0203125
0 0.66484375 0.34765625 0.2078125 0.0375
0 0.8609375 0.32734375 0.1984375 0.0375
0 0.83671875 0.17734375 0.2171875 0.0390625
0 0.79453125 0.4078125 0.284375 0.046875
0 0.51328125 0.45703125 0.0921875 0.028125
0 0.60546875 0.44765625 0.109375 0.0296875
0 0.7078125 0.43671875 0.1046875 0.028125
0 0.80546875 0.4265625 0.1109375 0.0296875
0 0.896875 0.41640625 0.0859375 0.0265625
0 0.953125 0.4109375 0.0375 0.021875
0 0.91484375 0.4625 0.0171875 0.0421875
0 0.96953125 0.23984375 0.025 0.11875
0 0.984375 0.41953125 0.03125 0.2484375
0 0.7140625 0.50859375 0.03125 0.0203125
0 0.66875 0.49453125 0.04375 0.021875
0 0.6484375 0.54296875 0.03125 0.021875
0 0.64609375 0.5671875 0.015625 0.028125
0 0.70859375 0.58046875 0.0484375 0.0234375
0 0.74609375 0.56171875 0.0390625 0.0203125
0 0.78984375 0.5453125 0.015625 0.04375
0 0.80625 0.5359375 0.01875 0.0578125
0 0.7234375 0.61171875 0.10625 0.028125
0 0.746875 0.64296875 0.428125 0.0640625
0 0.9734375 0.61875 0.0421875 0.0234375
0 0.8265625 0.5921875 0.046875 0.03125
0 0.71484375 0.77109375 0.01875 0.0484375
0 0.7234375 0.8109375 0.06875 0.0359375
0 0.771875 0.7875 0.034375 0.01875