0 0.1796875 0.04921875 0.03984375 0.0234375
0 0.24375 0.0734375 0.015625 0.015625
0 0.1890625 0.171875 0.02265625 0.0171875
0 0.0890625 0.2046875 0.0140625 0.0234375
0 0.31484375 0.13125 0.0109375 0.02890625
0 0.31484375 0.1796875 0.009375 0.0171875
0 0.31484375 0.2171875 0.00859375 0.00859375
0 0.31484375 0.29609375 0.009375 0.028125
0 0.37421875 0.2609375 0.01015625 0.03046875
0 0.340625 0.28359375 0.00859375 0.02734375
0 0.31484375 0.3734375 0.00859375 0.01015625
0 0.340625 0.41171875 0.00859375 0.02734375
0 0.17109375 0.51640625 0.0234375 0.01484375
0 0.17890625 0.4859375 0.0515625 0.0203125
0 0.278125 0.59140625 0.05859375 0.0328125
0 0.52734375 0.08359375 0.0125 0.0125
0 0.64296875 0.27890625 0.034375 0.01328125
0 0.52109375 0.4140625 0.009375 0.04609375
0 0.6640625 0.4140625 0.00859375 0.0078125
0 0.65390625 0.45625 0.0140625 0.0203125
0 0.6171875 0.47578125 0.02109375 0.0140625