0 0.22734375 0.103125 0.0125 0.0109375
0 0.1140625 0.16796875 0.0234375 0.0140625
0 0.10546875 0.2484375 0.0125 0.0109375
0 0.29609375 0.21796875 0.0265625 0.0125
0 0.1359375 0.390625 0.0140625 0.009375
0 0.3234375 0.3609375 0.0234375 0.0125
0 0.20703125 0.44609375 0.0234375 0.0140625
0 0.003125 0.3453125 0.00625 0.028125
0 0.03046875 0.52421875 0.0109375 0.0203125
0 0.06953125 0.49765625 0.0109375 0.0109375
0 0.12421875 0.4890625 0.0203125 0.0125
0 0.21171875 0.475 0.021875 0.0125
0 0.3 0.4609375 0.0203125 0.0125
0 0.4 0.4453125 0.021875 0.0125
0 0.48984375 0.43125 0.021875 0.0125
0 0.13125 0.528125 0.009375 0.0125
0 0.3078125 0.5984375 0.0234375 0.0125
0 0.2578125 0.584375 0.009375 0.0140625
0 0.38125 0.55859375 0.009375 0.0125
0 0.39375 0.55234375 0.0109375 0.0203125
0 0.31484375 0.50859375 0.0140625 0.0109375
0 0.33359375 0.6296875 0.009375 0.0109375
0 0.10078125 0.7 0.0109375 0.0109375
0 0.265625 0.67421875 0.0234375 0.0125
0 0.06328125 0.828125 0.0125 0.0296875
0 0.33359375 0.79609375 0.009375 0.009375
0 0.39765625 0.828125 0.0390625 0.0265625
0 0.62109375 0.38046875 0.00625 0.009375
0 0.6078125 0.16484375 0.0109375 0.0109375
0 0.60078125 0.07578125 0.021875 0.0125
0 0.57265625 0.19140625 0.0234375 0.0609375
0 0.60234375 0.43671875 0.015625 0.034375
0 0.6203125 0.49140625 0.0125 0.0328125
0 0.6328125 0.50625 0.0125 0.01875
0 0.6828125 0.44453125 0.0203125 0.0125
0 0.534375 0.15859375 0.0078125 0.009375
0 0.55625 0.29765625 0.009375 0.0140625
0 0.56640625 0.3609375 0.0078125 0.0109375
0 0.58046875 0.45546875 0.009375 0.0140625
0 0.58984375 0.50625 0.0078125 0.009375
0 0.59296875 0.52890625 0.0109375 0.0140625
0 0.4265625 0.2734375 0.0296875 0.0828125
0 0.45234375 0.04375 0.05 0.028125
0 0.48203125 0.3296875 0.025 0.0140625
0 0.5078125 0.39921875 0.0265625 0.015625
0 0.5984375 0.5546875 0.0296875 0.0140625
0 0.3953125 0.58359375 0.03125 0.0140625
0 0.35234375 0.57265625 0.0375 0.015625
0 0.27109375 0.5125 0.0265625 0.0140625
0 0.24765625 0.55859375 0.021875 0.0140625
0 0.23828125 0.6390625 0.05 0.0296875
0 0.390625 0.80390625 0.0296875 0.015625