0 0.16484375 0.1453125 0.06171875 0.01015625
0 0.4046875 0.08828125 0.1015625 0.02265625
0 0.4 0.12578125 0.0109375 0.0109375
0 0.465625 0.19375 0.015625 0.01171875
0 0.46484375 0.51328125 0.015625 0.0265625
0 0.465625 0.78828125 0.015625 0.00859375
0 0.56484375 0.66015625 0.11328125 0.0359375
0 0.14765625 0.790625 0.01640625 0.015625
0 0.08984375 0.48828125 0.0171875 0.01953125
0 0.14921875 0.4875 0.0125 0.03046875
0 0.6828125 0.8234375 0.01171875 0.01015625
0 0.40546875 0.82734375 0.01171875 0.01015625
0 0.31796875 0.846875 0.01875 0.01015625
0 0.31796875 0.82734375 0.0171875 0.01015625
0 0.22734375 0.82734375 0.01171875 0.0109375