0 0.3421875 0.0078125 0.059375 0.015625
0 0.16953125 0.01484375 0.109375 0.0296875
0 0.48984375 0.07109375 0.1265625 0.0328125
0 0.534375 0.1625 0.0234375 0.04375
0 0.4046875 0.20703125 0.03125 0.025
0 0.16171875 0.1765625 0.071875 0.025
0 0.15859375 0.1875 0.0921875 0.0265625
0 0.2921875 0.284375 0.0328125 0.015625
0 0.2921875 0.30859375 0.08125 0.0359375
0 0.36953125 0.334375 0.03125 0.0890625
0 0.7609375 0.39375 0.084375 0.0375
0 0.925 0.50546875 0.0140625 0.009375
0 0.4109375 0.4171875 0.028125 0.0328125
0 0.40546875 0.47109375 0.0140625 0.0140625
0 0.44375 0.6109375 0.025 0.0375
0 0.4921875 0.61796875 0.0171875 0.0265625
0 0.303125 0.703125 0.01875 0.0125
0 0.41796875 0.75703125 0.0140625 0.015625
0 0.4140625 0.7796875 0.015625 0.0171875
0 0.8921875 0.871875 0.03125 0.015625
0 0.01875 0.696875 0.0265625 0.0328125
0 0.04765625 0.746875 0.021875 0.0375
0 0.2015625 0.78515625 0.08125 0.034375
0 0.190625 0.8171875 0.078125 0.0296875
0 0.1890625 0.83359375 0.0328125 0.015625