0 0.85390625 0.09453125 0.01015625 0.04765625
0 0.82578125 0.1765625 0.02265625 0.0890625
0 0.86015625 0.265625 0.02578125 0.02109375
0 0.9609375 0.6734375 0.0140625 0.04375
0 0.934375 0.77890625 0.01015625 0.015625
0 0.8640625 0.78828125 0.0921875 0.03515625
0 0.87265625 0.6765625 0.01875 0.09296875
0 0.88671875 0.58046875 0.01875 0.08984375
0 0.47578125 0.05234375 0.05546875 0.0296875
0 0.5421875 0.07109375 0.03203125 0.015625
0 0.403125 0.13046875 0.01640625 0.0359375
0 0.090625 0.20546875 0.00859375 0.03671875
0 0.0890625 0.53828125 0.0078125 0.0578125
0 0.10546875 0.5375 0.00859375 0.06171875
0 0.0453125 0.59140625 0.0109375 0.0234375
0 0.14296875 0.79609375 0.01484375 0.0125
0 0.2671875 0.79609375 0.03203125 0.0140625
0 0.475 0.79609375 0.03125 0.01484375
0 0.7078125 0.7953125 0.03203125 0.01640625
0 0.2421875 0.6484375 0.08359375 0.0328125
0 0.39609375 0.209375 0.00859375 0.01015625
0 0.41328125 0.2515625 0.0359375 0.02109375
0 0.4359375 0.275 0.0171875 0.015625
0 0.1484375 0.30390625 0.0125 0.0140625
0 0.45703125 0.303125 0.0359375 0.01640625
0 0.20859375 0.3390625 0.03828125 0.0171875
0 0.43515625 0.33828125 0.0359375 0.01484375
0 0.32578125 0.36015625 0.0265625 0.01640625
0 0.4515625 0.3609375 0.0140625 0.01484375
0 0.4703125 0.3609375 0.0140625 0.01484375
0 0.49140625 0.3609375 0.0140625 0.01484375
0 0.4875 0.46640625 0.0140625 0.015625
0 0.3984375 0.41640625 0.00859375 0.0171875
0 0.4125 0.3953125 0.00859375 0.01328125
0 0.59921875 0.25546875 0.08046875 0.0328125