0 0.18515625 0.0953125 0.0328125 0.015625
0 0.4015625 0.03828125 0.015625 0.0140625
0 0.5 0.053125 0.009375 0.0125
0 0.46015625 0.08125 0.025 0.015625
0 0.55234375 0.0828125 0.0625 0.03125
0 0.621875 0.07109375 0.0109375 0.0140625
0 0.721875 0.07421875 0.03125 0.0171875
0 0.6953125 0.0984375 0.04375 0.03125
0 0.7109375 0.15390625 0.0515625 0.03125
0 0.77109375 0.1734375 0.01875 0.021875
0 0.7359375 0.2140625 0.0140625 0.0234375
0 0.74140625 0.31171875 0.0125 0.025
0 0.775 0.33203125 0.0171875 0.01875
0 0.7828125 0.3703125 0.0171875 0.0203125
0 0.74609375 0.40234375 0.0140625 0.025
0 0.75 0.5 0.0125 0.0265625
0 0.790625 0.53046875 0.01875 0.01875
0 0.83125 0.39921875 0.021875 0.0640625
0 0.73046875 0.44765625 0.009375 0.015625
0 0.696875 0.27421875 0.009375 0.0390625
0 0.7015625 0.3625 0.009375 0.0375
0 0.70625 0.4484375 0.009375 0.0390625
0 0.71015625 0.540625 0.0109375 0.0234375
0 0.65546875 0.53046875 0.0078125 0.0140625
0 0.61875 0.5390625 0.025 0.015625
0 0.6828125 0.50390625 0.0125 0.0328125
0 0.678125 0.40703125 0.0109375 0.034375
0 0.67265625 0.3125 0.0125 0.034375
0 0.66640625 0.21796875 0.0125 0.034375
0 0.57421875 0.4765625 0.021875 0.015625
0 0.47109375 0.5328125 0.0109375 0.021875
0 0.46640625 0.36796875 0.0078125 0.0265625
0 0.415625 0.3765625 0.0109375 0.0359375
0 0.4234375 0.5171875 0.0109375 0.015625
0 0.4078125 0.24140625 0.0515625 0.0296875
0 0.11171875 0.30703125 0.009375 0.0421875
0 0.0125 0.3109375 0.0109375 0.0265625
0 0.0796875 0.34453125 0.0078125 0.0125
0 0.11328125 0.390625 0.01875 0.0671875
0 0.0640625 0.41640625 0.009375 0.015625
0 0.090625 0.421875 0.0125 0.015625
0 0.01953125 0.4421875 0.0125 0.0390625
0 0.07421875 0.496875 0.0109375 0.0265625
0 0.1109375 0.50625 0.0125 0.053125
0 0.14296875 0.428125 0.0125 0.0234375
0 0.16484375 0.346875 0.0109375 0.03125
0 0.178125 0.2390625 0.0109375 0.03125
0 0.18671875 0.40078125 0.0109375 0.0328125
0 0.19375 0.54140625 0.0109375 0.0328125
0 0.19921875 0.62109375 0.0078125 0.0109375
0 0.178125 0.61015625 0.009375 0.0234375
0 0.08984375 0.67109375 0.0109375 0.015625
0 0.090625 0.68828125 0.0109375 0.015625
0 0.24765625 0.53125 0.01875 0.0171875
0 0.33828125 0.528125 0.021875 0.015625
0 0.24921875 0.67421875 0.0171875 0.01875
0 0.43984375 0.64609375 0.025 0.015625
0 0.45859375 0.66484375 0.0265625 0.015625
0 0.6578125 0.65390625 0.0125 0.0140625
0 0.609375 0.6375 0.0125 0.0140625
0 0.58125 0.628125 0.0203125 0.015625
0 0.1609375 0.759375 0.009375 0.015625
0 0.19609375 0.75625 0.0109375 0.0328125
0 0.3953125 0.684375 0.0203125 0.01875
0 0.496875 0.73671875 0.025 0.015625
0 0.51796875 0.68515625 0.021875 0.0203125
0 0.5421875 0.7796875 0.0265625 0.015625
0 0.46328125 0.80859375 0.025 0.0203125
0 0.71328125 0.72578125 0.0125 0.0328125