0 0.171875 0.0765625 0.03125 0.01875
0 0.3734375 0.04921875 0.0859375 0.040625
0 0.4265625 0.07109375 0.0109375 0.0140625
0 0.53359375 0.32421875 0.0109375 0.0421875
0 0.51328125 0.32578125 0.0125 0.0421875
0 0.51328125 0.57109375 0.0421875 0.0203125
0 0.0421875 0.59375 0.0453125 0.0171875
0 0.0453125 0.75078125 0.0125 0.0203125
0 0.290625 0.83125 0.015625 0.01875
0 0.434375 0.78828125 0.0296875 0.0234375
0 0.60703125 0.78984375 0.0515625 0.0203125
0 0.70546875 0.6015625 0.0625 0.034375
0 0.77421875 0.771875 0.034375 0.0171875
0 0.95390625 0.76171875 0.0140625 0.015625
0 0.99453125 0.68515625 0.0109375 0.0234375