0 0.228125 0.06484375 0.0453125 0.015625
0 0.5328125 0.1921875 0.0859375 0.0296875
0 0.49453125 0.36640625 0.10625 0.03125
0 0.24609375 0.39140625 0.04375 0.015625
0 0.04609375 0.415625 0.0625 0.0171875
0 0.04296875 0.65703125 0.0171875 0.03125
0 0.22890625 0.87109375 0.0578125 0.015625
0 0.56875 0.853125 0.065625 0.0171875
0 0.825 0.8375 0.0234375 0.0140625
0 0.984375 0.75078125 0.01875 0.0171875
0 0.95703125 0.71953125 0.0171875 0.01875
0 0.92734375 0.75546875 0.01875 0.028125
0 0.83125 0.65234375 0.021875 0.0140625
0 0.6828125 0.7640625 0.025 0.0140625
0 0.62109375 0.734375 0.01875 0.021875
0 0.55703125 0.746875 0.0203125 0.015625
0 0.51015625 0.65625 0.0203125 0.04375
0 0.5953125 0.63359375 0.0453125 0.0171875
0 0.6890625 0.62890625 0.0421875 0.015625
0 0.68046875 0.68046875 0.034375 0.0609375
0 0.559375 0.5734375 0.0203125 0.021875
0 0.55703125 0.49765625 0.0171875 0.0171875
0 0.60390625 0.52890625 0.0171875 0.025
0 0.80859375 0.471875 0.0171875 0.0125
0 0.92109375 0.44921875 0.0171875 0.0171875
0 0.7296875 0.353125 0.0234375 0.0140625
0 0.8 0.328125 0.0140625 0.0125
0 0.70859375 0.3328125 0.059375 0.015625
0 0.73515625 0.30234375 0.021875 0.0140625