0 0.315625 0.090625 0.01484375 0.01484375
0 0.38984375 0.11875 0.028125 0.021875
0 0.5265625 0.1671875 0.02734375 0.02109375
0 0.58984375 0.1578125 0.02734375 0.028125
0 0.50703125 0.10234375 0.04375 0.02890625
0 0.4703125 0.21875 0.0125 0.02109375
0 0.19609375 0.35234375 0.01015625 0.02578125
0 0.23671875 0.4328125 0.01015625 0.01953125
0 0.2375 0.53515625 0.009375 0.01875
0 0.3859375 0.44921875 0.03203125 0.0171875
0 0.646875 0.41328125 0.01171875 0.03046875
0 0.3125 0.5890625 0.01328125 0.015625
0 0.45390625 0.5890625 0.02578125 0.01640625
0 0.43828125 0.61953125 0.02578125 0.0171875
0 0.09921875 0.64609375 0.0140625 0.0171875
0 0.30703125 0.796875 0.01328125 0.01640625
0 0.39140625 0.796875 0.0359375 0.01640625
0 0.52734375 0.796875 0.028125 0.01640625
0 0.66015625 0.71328125 0.0609375 0.034375