0 0.103125 0.1796875 0.0140625 0.0140625
0 0.05390625 0.32734375 0.0296875 0.05625
0 0.153125 0.33359375 0.0140625 0.034375
0 0.196875 0.34453125 0.01875 0.0359375
0 0.25 0.359375 0.01875 0.059375
0 0.2671875 0.2390625 0.0140625 0.0296875
0 0.2921875 0.35390625 0.0140625 0.0296875
0 0.3171875 0.35859375 0.01875 0.0421875
0 0.371875 0.35546875 0.0140625 0.028125
0 0.453125 0.36953125 0.0140625 0.028125
0 0.425 0.26328125 0.0125 0.015625
0 0.365625 0.1578125 0.021875 0.01875
0 0.49765625 0.20546875 0.021875 0.0203125
0 0.503125 0.22890625 0.0140625 0.015625
0 0.63125 0.1953125 0.0140625 0.015625
0 0.72734375 0.23828125 0.0140625 0.015625
0 0.62265625 0.13671875 0.0515625 0.0296875
0 0.3484375 0.4671875 0.0375 0.0203125
0 0.35703125 0.50859375 0.0125 0.015625
0 0.428125 0.48671875 0.0296875 0.0265625
0 0.50078125 0.50234375 0.034375 0.01875
0 0.6171875 0.5453125 0.0328125 0.01875
0 0.9109375 0.40234375 0.015625 0.0296875
0 0.92734375 0.403125 0.025 0.0421875
0 0.76171875 0.59609375 0.015625 0.0171875
0 0.7703125 0.62421875 0.0140625 0.015625
0 0.82734375 0.63203125 0.015625 0.015625
0 0.7109375 0.640625 0.028125 0.01875
0 0.85703125 0.67578125 0.021875 0.040625
0 0.871875 0.78359375 0.0171875 0.040625
0 0.890625 0.7765625 0.0171875 0.046875
0 0.9171875 0.7578125 0.015625 0.0390625
0 0.74296875 0.8390625 0.03125 0.028125
0 0.621875 0.74921875 0.015625 0.040625
0 0.528125 0.69765625 0.0234375 0.0171875
0 0.49140625 0.7921875 0.015625 0.0375
0 0.48515625 0.70703125 0.0109375 0.0125
0 0.30390625 0.7703125 0.021875 0.053125
0 0.265625 0.76484375 0.0171875 0.046875
0 0.240625 0.6640625 0.0203125 0.046875
0 0.3 0.63984375 0.025 0.01875