0 0.08828125 0.090625 0.1375 0.0375
0 0.1265625 0.11171875 0.0671875 0.03125
0 0.0140625 0.23515625 0.028125 0.1453125
0 0.20234375 0.225 0.0390625 0.190625
0 0.115625 0.36484375 0.1046875 0.0375
0 0.1921875 0.37578125 0.0859375 0.0421875
0 0.22265625 0.43203125 0.021875 0.05
0 0.29296875 0.60859375 0.0671875 0.41875
0 0.284375 0.6796875 0.0515625 0.278125
0 0.23984375 0.6234375 0.0265625 0.059375
0 0.25859375 0.68984375 0.0421875 0.15
0 0.2140625 0.53828125 0.078125 0.03125
0 0.4625 0.2703125 0.1375 0.0359375
0 0.46875 0.3078125 0.109375 0.0484375
0 0.58671875 0.3125 0.065625 0.0421875
0 0.3921875 0.46171875 0.0375 0.153125
0 0.40625 0.5671875 0.0265625 0.075
0 0.4921875 0.50546875 0.0921875 0.0328125
0 0.46015625 0.53671875 0.021875 0.0265625
0 0.53125 0.528125 0.0203125 0.025
0 0.484375 0.56640625 0.0203125 0.0328125
0 0.51171875 0.56328125 0.0203125 0.0328125
0 0.50625 0.60625 0.071875 0.03125
0 0.51015625 0.64921875 0.10625 0.0328125
0 0.44921875 0.6890625 0.040625 0.025
0 0.57734375 0.6734375 0.0359375 0.025
0 0.66796875 0.7609375 0.0859375 0.059375
0 0.5234375 0.7546875 0.053125 0.0296875
0 0.58671875 0.53359375 0.034375 0.1515625
0 0.60390625 0.48515625 0.0484375 0.2453125
0 0.63046875 0.53359375 0.065625 0.35
0 0.62265625 0.62890625 0.0234375 0.0625