0 0.1640625 0.0734375 0.046875 0.021875
0 0.0375 0.12578125 0.0171875 0.0109375
0 0.0046875 0.146875 0.009375 0.015625
0 0.259375 0.1125 0.0171875 0.028125
0 0.17890625 0.175 0.0484375 0.021875
0 0.18515625 0.18828125 0.03125 0.015625
0 0.51796875 0.14921875 0.015625 0.0125
0 0.44453125 0.1796875 0.0203125 0.0359375
0 0.6046875 0.1640625 0.01875 0.0359375
0 0.35859375 0.246875 0.0984375 0.0359375
0 0.36875 0.3140625 0.1 0.0375
0 0.1078125 0.309375 0.0171875 0.0296875
0 0.12578125 0.4421875 0.01875 0.0296875
0 0.14375 0.56875 0.0171875 0.0296875
0 0.1015625 0.575 0.015625 0.01875
0 0.16015625 0.684375 0.01875 0.0296875
0 0.178125 0.80625 0.01875 0.0296875
0 0.1875 0.8765625 0.015625 0.0140625
0 0.34609375 0.8375 0.0171875 0.0140625
0 0.33125 0.72265625 0.0171875 0.0296875
0 0.3125 0.59453125 0.0171875 0.0296875
0 0.29453125 0.46484375 0.0171875 0.0296875
0 0.278125 0.346875 0.0171875 0.0296875
0 0.37890625 0.87109375 0.0609375 0.01875