0 0.09765625 0.115625 0.0421875 0.01484375
0 0.175 0.13046875 0.0453125 0.02734375
0 0.17109375 0.19453125 0.0515625 0.02734375
0 0.29609375 0.11640625 0.059375 0.02578125
0 0.3921875 0.11015625 0.028125 0.0140625
0 0.33046875 0.08984375 0.01796875 0.01484375
0 0.3984375 0.0703125 0.0203125 0.015625
0 0.2328125 0.11015625 0.01640625 0.0140625
0 0.39296875 0.2234375 0.0515625 0.02734375
0 0.30546875 0.390625 0.0265625 0.0140625
0 0.10546875 0.20625 0.02265625 0.02265625
0 0.1328125 0.24140625 0.01328125 0.03515625
0 0.03984375 0.3296875 0.0140625 0.0640625
0 0.10546875 0.35546875 0.025 0.0171875
0 0.13203125 0.33203125 0.01484375 0.0359375
0 0.10546875 0.39140625 0.02265625 0.01875
0 0.1328125 0.425 0.0140625 0.0359375
0 0.10625 0.540625 0.02421875 0.01875
0 0.1328125 0.515625 0.0140625 0.03671875
0 0.1953125 0.2796875 0.01015625 0.0390625
0 0.1953125 0.3609375 0.01015625 0.0359375
0 0.1953125 0.46484375 0.01171875 0.0375
0 0.1953125 0.5640625 0.01015625 0.028125
0 0.17421875 0.49921875 0.0109375 0.015625
0 0.23125 0.53828125 0.0109375 0.01484375
0 0.2640625 0.54765625 0.025 0.01484375
0 0.30390625 0.6328125 0.025 0.01484375
0 0.40234375 0.53515625 0.01015625 0.02421875
0 0.40234375 0.38515625 0.01015625 0.0296875
0 0.43984375 0.378125 0.01015625 0.03125
0 0.43984375 0.51328125 0.01015625 0.01640625
0 0.66171875 0.23203125 0.01171875 0.03125
0 0.66171875 0.378125 0.0125 0.02890625
0 0.6796875 0.3953125 0.0109375 0.03046875
0 0.69296875 0.37890625 0.01015625 0.0203125
0 0.66171875 0.5234375 0.01171875 0.0296875
0 0.67890625 0.59453125 0.0109375 0.02265625
0 0.6609375 0.603125 0.01171875 0.01328125
0 0.6109375 0.50703125 0.01484375 0.0171875
0 0.5359375 0.5078125 0.0234375 0.01484375
0 0.2765625 0.66875 0.015625 0.01484375
0 0.23671875 0.684375 0.01484375 0.0140625
0 0.4234375 0.66796875 0.025 0.01484375
0 0.428125 0.68359375 0.025 0.01328125
0 0.6265625 0.68359375 0.01640625 0.01640625
0 0.3703125 0.69765625 0.01875 0.0171875
0 0.48828125 0.7015625 0.0203125 0.015625
0 0.39296875 0.74765625 0.025 0.015625
0 0.4265625 0.8125 0.0265625 0.0171875
0 0.1703125 0.74765625 0.01015625 0.03046875
0 0.6640625 0.74296875 0.0109375 0.03046875
0 0.6859375 0.75234375 0.0109375 0.0171875
0 0.7234375 0.1859375 0.01171875 0.03359375
0 0.72265625 0.2953125 0.0125 0.04140625
0 0.7203125 0.41171875 0.01484375 0.06484375
0 0.734375 0.47734375 0.01171875 0.05234375
0 0.76484375 0.46328125 0.0109375 0.03125
0 0.753125 0.40703125 0.01484375 0.01484375
0 0.7796875 0.40703125 0.009375 0.01484375
0 0.80234375 0.41796875 0.0109375 0.03984375
0 0.80703125 0.29609375 0.0125 0.0265625
0 0.75078125 0.25546875 0.01015625 0.015625
0 0.76328125 0.6328125 0.01484375 0.0140625
0 0.76875 0.64765625 0.01484375 0.0140625