0 0.52421875 0.003125 0.0296875 0.00625
0 0.4984375 0.03046875 0.0171875 0.0203125
0 0.46171875 0.06796875 0.01875 0.01875
0 0.521875 0.09296875 0.0125 0.015625
0 0.46875 0.10234375 0.0203125 0.0203125
0 0.55625 0.19296875 0.0140625 0.03125
0 0.46953125 0.25390625 0.0125 0.0203125
0 0.44921875 0.24609375 0.015625 0.0484375
0 0.578125 0.2390625 0.0171875 0.0171875
0 0.6125 0.26640625 0.01875 0.01875
0 0.521875 0.3484375 0.0171875 0.0171875
0 0.58125 0.40078125 0.0125 0.0171875
0 0.52734375 0.4359375 0.0125 0.0171875
0 0.54140625 0.471875 0.03125 0.015625
0 0.646875 0.43046875 0.01875 0.0453125
0 0.65859375 0.52578125 0.0140625 0.0265625
0 0.66640625 0.60859375 0.015625 0.0359375
0 0.64921875 0.6578125 0.0125 0.0140625
0 0.5953125 0.59375 0.040625 0.01875
0 0.59140625 0.5109375 0.021875 0.025
0 0.50234375 0.634375 0.015625 0.0359375
0 0.55390625 0.7078125 0.0125 0.0171875
0 0.56484375 0.74140625 0.0203125 0.021875
0 0.61640625 0.72734375 0.0203125 0.025
0 0.57890625 0.778125 0.025 0.0171875
0 0.434375 0.4078125 0.015625 0.0359375
0 0.21015625 0.79765625 0.0359375 0.0265625
0 0.25859375 0.4359375 0.0453125 0.021875
0 0.2453125 0.2828125 0.0296875 0.084375
0 0.2140625 0.14140625 0.0171875 0.0421875
0 0.16875 0.13046875 0.009375 0.0140625
0 0.1171875 0.1359375 0.0109375 0.0140625