0 0.1125 0.01328125 0.0109375 0.0140625
0 0.36875 0.03203125 0.03125 0.0171875
0 0.64296875 0.05078125 0.009375 0.015625
0 0.72890625 0.08671875 0.0828125 0.0421875
0 0.68671875 0.30625 0.046875 0.01875
0 0.0265625 0.18984375 0.0125 0.025
0 0.10859375 0.3421875 0.015625 0.015625
0 0.35234375 0.35859375 0.015625 0.015625
0 0.590625 0.37578125 0.015625 0.015625
0 0.3484375 0.4046875 0.040625 0.01875
0 0.346875 0.4390625 0.0453125 0.0171875
0 0.14765625 0.58203125 0.0125 0.0203125
0 0.18828125 0.74453125 0.0109375 0.015625
0 0.45625 0.7640625 0.0109375 0.015625
0 0.2890625 0.76484375 0.0890625 0.0390625
0 0.66640625 0.68046875 0.0140625 0.03125
0 0.69765625 0.63828125 0.0203125 0.046875