0 0.121875 0.10546875 0.06875 0.0140625
0 0.3890625 0.0515625 0.1125 0.028125
0 0.3828125 0.09140625 0.0125 0.0125
0 0.453125 0.16953125 0.0171875 0.0140625
0 0.4390625 0.521875 0.01875 0.0296875
0 0.4296875 0.8265625 0.0171875 0.009375
0 0.54453125 0.68828125 0.1265625 0.04375
0 0.07890625 0.81640625 0.01875 0.01875
0 0.0265625 0.48046875 0.01875 0.021875
0 0.09140625 0.48203125 0.015625 0.034375
0 0.6671875 0.87421875 0.0140625 0.0109375
0 0.36171875 0.86640625 0.0140625 0.0125
0 0.26484375 0.88515625 0.0203125 0.0125
0 0.265625 0.8640625 0.0203125 0.0125
0 0.165625 0.86015625 0.0140625 0.0125