0 0.48203125 0.08515625 0.0640625 0.01328125
0 0.48203125 0.0984375 0.078125 0.01015625
0 0.32109375 0.13828125 0.04140625 0.015625
0 0.36015625 0.2234375 0.0125 0.0125
0 0.32109375 0.3328125 0.01875 0.01015625
0 0.0578125 0.24765625 0.015625 0.02578125
0 0.09453125 0.2234375 0.021875 0.02890625
0 0.2484375 0.45390625 0.0328125 0.01015625
0 0.3265625 0.45390625 0.0375 0.01015625
0 0.57109375 0.559375 0.09375 0.01171875
0 0.57109375 0.56953125 0.07578125 0.01171875
0 0.09921875 0.6125 0.01484375 0.02734375
0 0.11796875 0.659375 0.0109375 0.03203125
0 0.1171875 0.72109375 0.01328125 0.0125
0 0.20078125 0.77578125 0.028125 0.0109375
0 0.29609375 0.77578125 0.053125 0.00859375
0 0.5265625 0.76328125 0.01484375 0.021875
0 0.5265625 0.70078125 0.0140625 0.02734375
0 0.5265625 0.65078125 0.0140625 0.02578125
0 0.640625 0.72109375 0.025 0.05390625
0 0.71171875 0.7703125 0.01875 0.009375