0 0.17265625 0.05625 0.040625 0.01875
0 0.47734375 0.1375 0.0828125 0.0359375
0 0.45234375 0.2984375 0.09375 0.0359375
0 0.21015625 0.32734375 0.040625 0.015625
0 0.025 0.36328125 0.05 0.0203125
0 0.02421875 0.6265625 0.0203125 0.03125
0 0.353125 0.88515625 0.0390625 0.015625
0 0.69453125 0.2296875 0.0203125 0.0140625
0 0.65859375 0.25859375 0.0578125 0.0171875
0 0.74921875 0.246875 0.0140625 0.0109375
0 0.66171875 0.28828125 0.01875 0.0140625
0 0.7796875 0.38359375 0.0171875 0.0125
0 0.88359375 0.346875 0.0203125 0.034375
0 0.5171875 0.4515625 0.015625 0.0140625
0 0.54921875 0.47734375 0.0234375 0.025
0 0.52734375 0.5234375 0.015625 0.021875
0 0.484375 0.6015625 0.021875 0.0421875
0 0.57265625 0.590625 0.0296875 0.015625
0 0.665625 0.578125 0.04375 0.0171875
0 0.81015625 0.56015625 0.0203125 0.015625
0 0.66328125 0.64453125 0.0359375 0.0578125
0 0.9015625 0.67421875 0.021875 0.0296875
0 0.928125 0.67421875 0.01875 0.021875
0 0.95625 0.70078125 0.0140625 0.015625
0 0.540625 0.73046875 0.0171875 0.0171875
0 0.61796875 0.7546875 0.0234375 0.0140625
0 0.584375 0.85390625 0.071875 0.0203125
0 0.778125 0.83125 0.0203125 0.0125