0 0.075 0.43125 0.0125 0.034375
0 0.121875 0.43359375 0.0171875 0.0359375
0 0.17890625 0.43828125 0.0140625 0.0609375
0 0.171875 0.3125 0.0125 0.03125
0 0.22109375 0.425 0.0125 0.03125
0 0.246875 0.42421875 0.015625 0.04375
0 0.303125 0.4109375 0.0125 0.0296875
0 0.38828125 0.40859375 0.0125 0.0296875
0 0.3390625 0.30390625 0.0125 0.015625
0 0.2578125 0.209375 0.021875 0.01875
0 0.40234375 0.23125 0.021875 0.0203125
0 0.4125 0.25390625 0.0140625 0.015625
0 0.5375 0.19375 0.0140625 0.015625
0 0.64375 0.21953125 0.0140625 0.015625
0 0.5171875 0.1359375 0.0515625 0.0265625
0 0.3015625 0.52890625 0.0375 0.01875
0 0.31796875 0.56953125 0.0125 0.015625
0 0.3875 0.534375 0.0296875 0.025
0 0.4640625 0.53515625 0.034375 0.0171875
0 0.59296875 0.55625 0.0328125 0.0171875
0 0.86484375 0.35078125 0.0125 0.0296875
0 0.8828125 0.3484375 0.021875 0.04375
0 0.75078125 0.57890625 0.015625 0.015625
0 0.765625 0.60546875 0.0140625 0.015625
0 0.82421875 0.60234375 0.015625 0.015625
0 0.70703125 0.6359375 0.028125 0.0171875
0 0.8640625 0.64140625 0.01875 0.040625
0 0.90078125 0.75 0.0140625 0.040625
0 0.91875 0.7390625 0.0140625 0.0484375
0 0.9421875 0.7140625 0.0125 0.040625
0 0.78046875 0.8328125 0.03125 0.0265625
0 0.63828125 0.7640625 0.0125 0.0421875
0 0.53203125 0.73046875 0.0234375 0.0171875
0 0.5125 0.834375 0.0125 0.0375
0 0.4890625 0.74765625 0.0109375 0.0125
0 0.315625 0.85 0.01875 0.053125
0 0.275 0.8515625 0.0140625 0.0484375
0 0.22890625 0.753125 0.01875 0.0484375
0 0.28515625 0.7171875 0.025 0.01875