0 0.20625 0.1125 0.03125 0.01328125
0 0.41640625 0.06875 0.0140625 0.0125
0 0.509375 0.08828125 0.009375 0.0125
0 0.4703125 0.1125 0.0234375 0.01328125
0 0.55859375 0.11875 0.05859375 0.0265625
0 0.62578125 0.11171875 0.009375 0.01328125
0 0.72109375 0.11953125 0.03046875 0.01484375
0 0.69453125 0.14140625 0.04140625 0.02734375
0 0.70625 0.1953125 0.0484375 0.02734375
0 0.7625 0.2171875 0.0171875 0.0203125
0 0.72734375 0.25390625 0.0125 0.02265625
0 0.72734375 0.346875 0.0109375 0.0234375
0 0.75859375 0.36875 0.01484375 0.0171875
0 0.7640625 0.40546875 0.015625 0.01875
0 0.72734375 0.434375 0.01171875 0.02421875
0 0.7265625 0.52890625 0.0109375 0.025
0 0.76328125 0.559375 0.01640625 0.01640625
0 0.809375 0.4359375 0.0171875 0.0609375
0 0.7109375 0.478125 0.00859375 0.0140625
0 0.68671875 0.309375 0.0078125 0.03671875
0 0.68671875 0.39375 0.0078125 0.0359375
0 0.68671875 0.4765625 0.0078125 0.03671875
0 0.68671875 0.565625 0.009375 0.021875
0 0.634375 0.55234375 0.00703125 0.0125
0 0.5984375 0.559375 0.0234375 0.0140625
0 0.66171875 0.528125 0.009375 0.03125
0 0.66171875 0.4359375 0.00859375 0.0328125
0 0.66171875 0.34453125 0.009375 0.0328125
0 0.6609375 0.2546875 0.009375 0.03203125
0 0.55859375 0.49765625 0.02109375 0.01484375
0 0.4578125 0.5453125 0.00859375 0.0203125
0 0.46171875 0.3875 0.00703125 0.02578125
0 0.41171875 0.39375 0.00859375 0.03359375
0 0.41328125 0.52890625 0.00859375 0.01484375
0 0.41171875 0.26328125 0.04921875 0.0265625
0 0.12578125 0.3109375 0.0078125 0.040625
0 0.03046875 0.31015625 0.00859375 0.02578125
0 0.0921875 0.34609375 0.0078125 0.0125
0 0.12265625 0.39140625 0.01484375 0.06484375
0 0.0734375 0.4140625 0.00859375 0.0140625
0 0.09921875 0.42109375 0.0125 0.01484375
0 0.03046875 0.4359375 0.009375 0.03671875
0 0.0796875 0.490625 0.00859375 0.025
0 0.1140625 0.50234375 0.009375 0.05078125
0 0.1484375 0.42890625 0.01015625 0.02109375
0 0.17421875 0.353125 0.00859375 0.02890625
0 0.19140625 0.25 0.00859375 0.0296875
0 0.19140625 0.4046875 0.00859375 0.03125
0 0.19140625 0.53984375 0.00859375 0.03125
0 0.1921875 0.61640625 0.00703125 0.009375
0 0.1734375 0.6046875 0.0078125 0.02109375
0 0.08515625 0.659375 0.01015625 0.01484375
0 0.08515625 0.67578125 0.01015625 0.01484375
0 0.24375 0.5328125 0.01640625 0.01484375
0 0.33046875 0.534375 0.0203125 0.01328125
0 0.23828125 0.6703125 0.015625 0.0171875
0 0.421875 0.653125 0.02265625 0.0140625
0 0.4390625 0.671875 0.02421875 0.0140625
0 0.6296875 0.67109375 0.0109375 0.01328125
0 0.58515625 0.653125 0.01171875 0.01328125
0 0.55859375 0.6421875 0.01953125 0.0140625
0 0.14921875 0.746875 0.00859375 0.01484375
0 0.1828125 0.7453125 0.009375 0.03125
0 0.37734375 0.6875 0.01875 0.0171875
0 0.47265625 0.7421875 0.0234375 0.01328125
0 0.4953125 0.69375 0.0203125 0.01796875
0 0.51328125 0.78515625 0.025 0.0140625
0 0.4359375 0.809375 0.02265625 0.01796875
0 0.6796875 0.7421875 0.01015625 0.03125