0 0.20859375 0.0625 0.0296875 0.015625
0 0.415625 0.04921875 0.084375 0.034375
0 0.46796875 0.075 0.009375 0.015625
0 0.5578125 0.340625 0.009375 0.0421875
0 0.53671875 0.340625 0.009375 0.0421875
0 0.5203125 0.58828125 0.0421875 0.01875
0 0.03984375 0.57890625 0.04375 0.015625
0 0.03203125 0.73828125 0.0109375 0.0203125
0 0.27578125 0.83671875 0.0140625 0.01875
0 0.4234375 0.80390625 0.028125 0.021875
0 0.59921875 0.81796875 0.0515625 0.015625
0 0.7125 0.63359375 0.0625 0.03125
0 0.7703125 0.81171875 0.034375 0.015625
0 0.95234375 0.8140625 0.0125 0.015625
0 0.996875 0.73828125 0.00625 0.0234375