0 0.228125 0.03984375 0.04296875 0.01640625
0 0.09921875 0.0734375 0.01640625 0.00859375
0 0.0625 0.0890625 0.0140625 0.01328125
0 0.3140625 0.08984375 0.01328125 0.02578125
0 0.22890625 0.13984375 0.04453125 0.01484375
0 0.23203125 0.153125 0.0296875 0.0109375
0 0.55703125 0.1609375 0.01484375 0.01015625
0 0.4828125 0.1796875 0.015625 0.03203125
0 0.63828125 0.18671875 0.01328125 0.03359375
0 0.39140625 0.2328125 0.09296875 0.02265625
0 0.3921875 0.2984375 0.09453125 0.0234375
0 0.1421875 0.259375 0.01328125 0.0265625
0 0.14140625 0.3890625 0.015625 0.0265625
0 0.14140625 0.51328125 0.0140625 0.0265625
0 0.10078125 0.51328125 0.0140625 0.01640625
0 0.14140625 0.62578125 0.01484375 0.02734375
0 0.1421875 0.7453125 0.01484375 0.02734375
0 0.1421875 0.81484375 0.01328125 0.0125
0 0.3 0.7984375 0.0140625 0.0125
0 0.3 0.6859375 0.01328125 0.0265625
0 0.3 0.56015625 0.01328125 0.02734375
0 0.3 0.43359375 0.01328125 0.0265625
0 0.3 0.31796875 0.01328125 0.0265625
0 0.32578125 0.83515625 0.0578125 0.01015625