0 0.18828125 0.1265625 0.0328125 0.015625
0 0.39921875 0.07109375 0.015625 0.0125
0 0.49453125 0.0859375 0.009375 0.0125
0 0.45625 0.1125 0.0234375 0.0140625
0 0.5453125 0.1140625 0.0609375 0.0296875
0 0.6140625 0.103125 0.0109375 0.0140625
0 0.7109375 0.10625 0.03125 0.0171875
0 0.6859375 0.13046875 0.0421875 0.0296875
0 0.7 0.184375 0.05 0.03125
0 0.75859375 0.203125 0.01875 0.021875
0 0.725 0.24140625 0.0140625 0.0234375
0 0.72890625 0.33671875 0.0125 0.025
0 0.7625 0.35703125 0.0171875 0.01875
0 0.76953125 0.39453125 0.0171875 0.0203125
0 0.73359375 0.42578125 0.0140625 0.025
0 0.7390625 0.52109375 0.0125 0.025
0 0.77734375 0.55078125 0.01875 0.0171875
0 0.8171875 0.42265625 0.021875 0.0625
0 0.71953125 0.4703125 0.009375 0.0140625
0 0.68671875 0.30078125 0.009375 0.0375
0 0.69140625 0.38671875 0.009375 0.0375
0 0.6953125 0.47109375 0.009375 0.0375
0 0.69921875 0.5609375 0.0109375 0.0234375
0 0.646875 0.55 0.0078125 0.0125
0 0.61015625 0.559375 0.025 0.015625
0 0.67265625 0.5234375 0.0125 0.0328125
0 0.66796875 0.43125 0.0109375 0.0328125
0 0.6625 0.33828125 0.0125 0.0328125
0 0.65703125 0.24609375 0.0109375 0.0328125
0 0.56640625 0.4984375 0.021875 0.015625
0 0.46640625 0.55234375 0.009375 0.021875
0 0.4625 0.3921875 0.0078125 0.0265625
0 0.41171875 0.4015625 0.0109375 0.034375
0 0.4203125 0.5375 0.009375 0.015625
0 0.4046875 0.26875 0.0515625 0.0296875
0 0.1171875 0.33203125 0.009375 0.0421875
0 0.0203125 0.33671875 0.0109375 0.0265625
0 0.0859375 0.36953125 0.0078125 0.0125
0 0.11875 0.4140625 0.01875 0.065625
0 0.06953125 0.43984375 0.009375 0.0140625
0 0.096875 0.4453125 0.0125 0.015625
0 0.02734375 0.46484375 0.0125 0.0375
0 0.0796875 0.5171875 0.009375 0.025
0 0.115625 0.52734375 0.0125 0.0515625
0 0.146875 0.45078125 0.0109375 0.021875
0 0.16875 0.371875 0.009375 0.0296875
0 0.18125 0.2671875 0.0109375 0.03125
0 0.1890625 0.42421875 0.0109375 0.03125
0 0.196875 0.56015625 0.0109375 0.03125
0 0.2015625 0.63828125 0.0078125 0.0109375
0 0.18125 0.628125 0.009375 0.021875
0 0.09453125 0.6875 0.0109375 0.015625
0 0.0953125 0.70390625 0.0109375 0.015625
0 0.2484375 0.5515625 0.0171875 0.0171875
0 0.3375 0.5484375 0.0203125 0.0140625
0 0.25 0.690625 0.0171875 0.01875
0 0.4359375 0.6640625 0.0234375 0.015625
0 0.45390625 0.68125 0.025 0.015625
0 0.6484375 0.6703125 0.0125 0.0140625
0 0.60234375 0.6546875 0.0125 0.0140625
0 0.57421875 0.64453125 0.0203125 0.015625
0 0.1640625 0.7734375 0.009375 0.015625
0 0.19921875 0.7703125 0.0109375 0.0328125
0 0.39296875 0.70078125 0.0203125 0.01875
0 0.4921875 0.75078125 0.025 0.0140625
0 0.5125 0.70078125 0.021875 0.01875
0 0.5359375 0.79296875 0.0265625 0.015625
0 0.4578125 0.82109375 0.0234375 0.01875
0 0.70234375 0.740625 0.0125 0.03125