0 0.08203125 0.10859375 0.08046875 0.03203125
0 0.2390625 0.11640625 0.03125 0.0171875
0 0.19765625 0.14453125 0.009375 0.0109375
0 0.271875 0.14453125 0.009375 0.01171875
0 0.41640625 0.12109375 0.065625 0.028125
0 0.06171875 0.24296875 0.01875 0.0640625
0 0.1234375 0.38984375 0.00859375 0.0140625
0 0.3875 0.321875 0.01015625 0.05234375
0 0.41328125 0.32265625 0.01015625 0.0375
0 0.1515625 0.49609375 0.009375 0.01328125
0 0.2953125 0.4953125 0.009375 0.0125
0 0.23125 0.521875 0.028125 0.0171875
0 0.578125 0.0890625 0.0125 0.015625
0 0.53984375 0.11640625 0.00859375 0.01640625
0 0.68671875 0.3234375 0.009375 0.02421875
0 0.6578125 0.40390625 0.0125 0.0703125
0 0.08125 0.628125 0.009375 0.01171875
0 0.39296875 0.628125 0.009375 0.01171875