0 0.08359375 0.0375 0.14375 0.025
0 0.1203125 0.06328125 0.0703125 0.025
0 0.1875 0.190625 0.021875 0.2015625
0 0.08125 0.328125 0.1078125 0.0296875
0 0.16015625 0.3484375 0.0875 0.034375
0 0.1859375 0.4109375 0.01875 0.0515625
0 0.240625 0.60390625 0.025 0.44375
0 0.22421875 0.678125 0.0234375 0.29375
0 0.1828125 0.61328125 0.021875 0.0609375
0 0.19609375 0.68671875 0.028125 0.15625
0 0.16484375 0.52109375 0.08125 0.025
0 0.45625 0.2671875 0.14375 0.0234375
0 0.45859375 0.3078125 0.1109375 0.040625
0 0.58125 0.32578125 0.065625 0.0375
0 0.3609375 0.4609375 0.021875 0.1609375
0 0.3640625 0.5734375 0.01875 0.0796875
0 0.4609375 0.51796875 0.0953125 0.025
0 0.42421875 0.54765625 0.0203125 0.025
0 0.49921875 0.54609375 0.0203125 0.025
0 0.446875 0.58125 0.0171875 0.0328125
0 0.475 0.58125 0.01875 0.0328125
0 0.4640625 0.625 0.075 0.025
0 0.4640625 0.6703125 0.1109375 0.0234375
0 0.3953125 0.70546875 0.040625 0.0234375
0 0.53203125 0.703125 0.0359375 0.0234375
0 0.61796875 0.80546875 0.084375 0.0546875
0 0.46640625 0.7828125 0.053125 0.025
0 0.55703125 0.5578125 0.0203125 0.159375
0 0.58046875 0.5078125 0.0234375 0.259375
0 0.603125 0.56328125 0.03125 0.3703125
0 0.584375 0.66171875 0.01875 0.065625