0 0.309375 0.06015625 0.01484375 0.0109375
0 0.328125 0.09296875 0.0265625 0.01328125
0 0.52421875 0.0875 0.0296875 0.0125
0 0.5625 0.1109375 0.06171875 0.025
0 0.54609375 0.2421875 0.0484375 0.02421875
0 0.58046875 0.31171875 0.009375 0.03984375
0 0.58046875 0.51171875 0.00859375 0.01484375
0 0.55546875 0.540625 0.05703125 0.0359375
0 0.07265625 0.20859375 0.00859375 0.0296875
0 0.07265625 0.35546875 0.00859375 0.03515625
0 0.03984375 0.3828125 0.00859375 0.02109375
0 0.07265625 0.46953125 0.00859375 0.0296875
0 0.0734375 0.56640625 0.00859375 0.01484375
0 0.09453125 0.59765625 0.00859375 0.015625
0 0.315625 0.66171875 0.02421875 0.01328125
0 0.84921875 0.41796875 0.01796875 0.01171875
0 0.784375 0.478125 0.01640625 0.06640625
0 0.58046875 0.6828125 0.03984375 0.021875
0 0.90390625 0.68359375 0.05 0.021875
0 0.53046875 0.678125 0.01015625 0.02265625
0 0.52421875 0.72578125 0.009375 0.02734375
0 0.5125 0.73671875 0.009375 0.0171875
0 0.5875 0.7875 0.02265625 0.0125
0 0.74296875 0.7859375 0.0265625 0.01953125
0 0.90859375 0.78359375 0.0203125 0.01015625
0 0.95703125 0.71953125 0.009375 0.01015625
0 0.94453125 0.7609375 0.02265625 0.0140625
0 0.86328125 0.80546875 0.025 0.01796875
0 0.63046875 0.8125 0.025 0.01953125
0 0.42265625 0.69296875 0.0484375 0.025
0 0.26171875 0.6984375 0.0359375 0.021875
0 0.11640625 0.73046875 0.01015625 0.0140625
0 0.19296875 0.73125 0.021875 0.01328125
0 0.30078125 0.73125 0.021875 0.01328125
0 0.4390625 0.73125 0.02109375 0.01328125
0 0.0828125 0.75859375 0.01015625 0.01484375
0 0.06796875 0.76953125 0.009375 0.01484375