0 0.2984375 0.015625 0.0578125 0.0171875
0 0.134375 0.03671875 0.1046875 0.021875
0 0.44375 0.06875 0.121875 0.0234375
0 0.49140625 0.15234375 0.0203125 0.040625
0 0.371875 0.20390625 0.028125 0.021875
0 0.13828125 0.18984375 0.06875 0.01875
0 0.13515625 0.2015625 0.0875 0.0203125
0 0.26953125 0.284375 0.03125 0.0140625
0 0.27109375 0.30859375 0.078125 0.028125
0 0.34609375 0.3265625 0.025 0.0859375
0 0.7234375 0.3578125 0.08125 0.03125
0 0.8875 0.45390625 0.0125 0.009375
0 0.390625 0.403125 0.025 0.0296875
0 0.38984375 0.45546875 0.0125 0.0125
0 0.4359375 0.5859375 0.021875 0.0359375
0 0.48203125 0.58984375 0.015625 0.025
0 0.3078125 0.68359375 0.0171875 0.0109375
0 0.42109375 0.72734375 0.0140625 0.0140625
0 0.41875 0.75 0.0140625 0.015625
0 0.88046875 0.80546875 0.0296875 0.0125
0 0.0359375 0.69609375 0.0234375 0.0296875
0 0.06640625 0.74296875 0.01875 0.0359375
0 0.21640625 0.76875 0.078125 0.028125
0 0.20859375 0.8 0.075 0.0234375
0 0.2078125 0.815625 0.03125 0.0140625