0 0.49296875 0.10234375 0.0203125 0.0328125
0 0.25625 0.24453125 0.0375 0.01875
0 0.2515625 0.275 0.034375 0.01875
0 0.2375 0.30390625 0.0359375 0.0203125
0 0.23203125 0.33515625 0.0859375 0.034375
0 0.1640625 0.371875 0.01875 0.0359375
0 0.01484375 0.43671875 0.01875 0.0234375
0 0.4234375 0.44765625 0.015625 0.0109375
0 0.41953125 0.471875 0.015625 0.0171875
0 0.409375 0.50703125 0.025 0.0265625
0 0.46015625 0.4890625 0.0296875 0.0390625
0 0.49375 0.5046875 0.0171875 0.0171875
0 0.52421875 0.5984375 0.0171875 0.015625
0 0.40390625 0.571875 0.015625 0.015625
0 0.24453125 0.5265625 0.028125 0.0171875
0 0.05625 0.54140625 0.0203125 0.021875
0 0.33125 0.6015625 0.084375 0.0296875
0 0.37421875 0.70234375 0.0171875 0.015625
0 0.46796875 0.665625 0.0171875 0.015625
0 0.165625 0.75625 0.059375 0.0203125
0 0.61171875 0.49140625 0.0171875 0.0375
0 0.965625 0.5328125 0.015625 0.0125
0 0.95703125 0.58359375 0.015625 0.015625