0 0.15 0.0515625 0.04375 0.0265625
0 0.21796875 0.071875 0.0171875 0.0171875
0 0.16875 0.1765625 0.025 0.0203125
0 0.06875 0.2171875 0.0171875 0.025
0 0.29453125 0.12578125 0.0140625 0.0296875
0 0.29765625 0.17578125 0.0109375 0.01875
0 0.30078125 0.2140625 0.009375 0.009375
0 0.30625 0.29453125 0.0125 0.0296875
0 0.36484375 0.25390625 0.0125 0.03125
0 0.33125 0.2796875 0.0109375 0.028125
0 0.31171875 0.3734375 0.009375 0.0109375
0 0.340625 0.4109375 0.0109375 0.028125
0 0.17578125 0.53046875 0.025 0.0171875
0 0.18046875 0.49921875 0.053125 0.025
0 0.2890625 0.59921875 0.0625 0.0375
0 0.50859375 0.06171875 0.0140625 0.0140625
0 0.640625 0.253125 0.0359375 0.015625
0 0.525 0.4 0.0125 0.0484375
0 0.67265625 0.390625 0.009375 0.009375
0 0.66484375 0.434375 0.015625 0.021875
0 0.62890625 0.45625 0.021875 0.015625