0 0.071875 0.07421875 0.059375 0.0171875
0 0.07109375 0.0921875 0.08125 0.0140625
0 0.23125 0.1 0.03046875 0.01484375
0 0.51171875 0.36484375 0.0109375 0.040625
0 0.48515625 0.36484375 0.01171875 0.0390625
0 0.46328125 0.5890625 0.04296875 0.015625
0 0.07265625 0.58828125 0.0421875 0.015625
0 0.05390625 0.71171875 0.01015625 0.01875
0 0.2671875 0.803125 0.021875 0.015625
0 0.3796875 0.77734375 0.0296875 0.02109375
0 0.6171875 0.7859375 0.05 0.01484375
0 0.76171875 0.7828125 0.03828125 0.01328125
0 0.8953125 0.7828125 0.01328125 0.015625
0 0.93984375 0.7109375 0.009375 0.0234375
0 0.72265625 0.61328125 0.05546875 0.0265625