0 0.35546875 0.01171875 0.0171875 0.0140625
0 0.37265625 0.04921875 0.0296875 0.0171875
0 0.58359375 0.065625 0.0328125 0.0171875
0 0.621875 0.09453125 0.06875 0.0328125
0 0.5890625 0.23359375 0.0546875 0.03125
0 0.61796875 0.31171875 0.0140625 0.04375
0 0.5953125 0.5265625 0.0109375 0.0171875
0 0.56640625 0.5546875 0.065625 0.0453125
0 0.0859375 0.14453125 0.0125 0.0328125
0 0.06953125 0.3015625 0.0125 0.0375
0 0.03125 0.32734375 0.0109375 0.0234375
0 0.05625 0.42421875 0.0125 0.0328125
0 0.04609375 0.52734375 0.0109375 0.0171875
0 0.06484375 0.5640625 0.0109375 0.0171875
0 0.29453125 0.6578125 0.028125 0.0171875
0 0.8953125 0.45703125 0.0203125 0.0140625
0 0.81796875 0.5140625 0.025 0.071875
0 0.57578125 0.71015625 0.0453125 0.028125
0 0.9234375 0.746875 0.05625 0.0296875
0 0.5234375 0.7 0.0140625 0.025
0 0.51171875 0.75 0.0125 0.0296875
0 0.49765625 0.76015625 0.0125 0.0203125
0 0.57265625 0.8234375 0.025 0.015625
0 0.7390625 0.83828125 0.03125 0.0234375
0 0.91640625 0.85546875 0.0234375 0.0125
0 0.95625 0.834375 0.0234375 0.0171875
0 0.86640625 0.87421875 0.028125 0.021875
0 0.615625 0.85546875 0.0296875 0.0234375
0 0.40625 0.70390625 0.0546875 0.03125
0 0.2328125 0.69140625 0.040625 0.028125
0 0.07421875 0.709375 0.0125 0.015625
0 0.1546875 0.71796875 0.025 0.0171875
0 0.271875 0.73046875 0.025 0.0171875
0 0.41953125 0.74609375 0.0234375 0.015625
0 0.034375 0.73515625 0.0125 0.0171875
0 0.0171875 0.7453125 0.0125 0.0171875