0 0.36171875 0.02109375 0.034375 0.021875
0 0.44921875 0.06328125 0.0359375 0.0203125
0 0.40546875 0.08359375 0.0421875 0.021875
0 0.553125 0.05078125 0.028125 0.021875
0 0.5625 0.09453125 0.0796875 0.0453125
0 0.49453125 0.16328125 0.01875 0.04375
0 0.515625 0.23828125 0.0171875 0.0234375
0 0.53359375 0.35703125 0.0203125 0.046875
0 0.4890625 0.409375 0.0140625 0.021875
0 0.45703125 0.40625 0.0125 0.0140625
0 0.25703125 0.375 0.0125 0.01875
0 0.28359375 0.16015625 0.0203125 0.0453125
0 0.0953125 0.15390625 0.0171875 0.025
0 0.10234375 0.28984375 0.046875 0.0234375
0 0.2390625 0.3140625 0.01875 0.01875
0 0.328125 0.57109375 0.0328125 0.0203125
0 0.32578125 0.5921875 0.015625 0.0171875
0 0.05390625 0.5765625 0.084375 0.046875
0 0.221875 0.628125 0.03125 0.0203125
0 0.0171875 0.6828125 0.0171875 0.0453125
0 0.0453125 0.70234375 0.0109375 0.0140625
0 0.4296875 0.753125 0.0140625 0.025
0 0.2890625 0.8 0.034375 0.03125
0 0.72734375 0.68671875 0.053125 0.025
0 0.82734375 0.65859375 0.025 0.0203125
0 0.8328125 0.6984375 0.065625 0.0375
0 0.93125 0.84765625 0.01875 0.0484375