0 0.059375 0.14296875 0.0453125 0.01875
0 0.13984375 0.15078125 0.0484375 0.0328125
0 0.1421875 0.2171875 0.0546875 0.0328125
0 0.2625 0.1265625 0.0625 0.03125
0 0.36015625 0.1109375 0.0296875 0.0171875
0 0.2953125 0.09609375 0.0203125 0.0171875
0 0.3625 0.0703125 0.021875 0.01875
0 0.19765625 0.125 0.0171875 0.015625
0 0.37109375 0.22734375 0.0546875 0.0328125
0 0.29609375 0.40546875 0.028125 0.015625
0 0.075 0.23515625 0.025 0.025
0 0.10625 0.26875 0.015625 0.0375
0 0.01953125 0.3671875 0.0203125 0.0671875
0 0.08828125 0.38671875 0.0265625 0.0203125
0 0.1140625 0.3609375 0.01875 0.0375
0 0.0921875 0.42421875 0.025 0.021875
0 0.12265625 0.45625 0.01875 0.0375
0 0.10625 0.5765625 0.0265625 0.021875
0 0.13125 0.5484375 0.01875 0.0390625
0 0.1734375 0.3015625 0.0140625 0.040625
0 0.18125 0.38515625 0.0140625 0.0375
0 0.190625 0.490625 0.015625 0.0390625
0 0.19921875 0.59296875 0.0125 0.0296875
0 0.17265625 0.52890625 0.0125 0.0171875
0 0.234375 0.5625 0.0125 0.0171875
0 0.26796875 0.56953125 0.0265625 0.0171875
0 0.31640625 0.653125 0.0265625 0.0171875
0 0.40859375 0.54453125 0.0125 0.0265625
0 0.39453125 0.390625 0.0125 0.03125
0 0.43203125 0.38125 0.0125 0.0328125
0 0.44453125 0.51875 0.0109375 0.01875
0 0.646875 0.21171875 0.0140625 0.0328125
0 0.659375 0.36171875 0.015625 0.03125
0 0.67890625 0.3765625 0.0140625 0.0328125
0 0.69140625 0.35859375 0.0125 0.021875
0 0.67265625 0.51015625 0.0140625 0.03125
0 0.69609375 0.58046875 0.0125 0.025
0 0.67890625 0.590625 0.0125 0.0140625
0 0.61875 0.49765625 0.0171875 0.01875
0 0.54296875 0.5046875 0.025 0.0171875
0 0.29140625 0.6921875 0.0171875 0.0171875
0 0.2515625 0.7125 0.0171875 0.015625
0 0.4421875 0.678125 0.0265625 0.0171875
0 0.44765625 0.69453125 0.0265625 0.015625
0 0.65 0.6765625 0.01875 0.01875
0 0.38984375 0.71328125 0.0203125 0.0203125
0 0.5109375 0.70703125 0.021875 0.01875
0 0.41796875 0.7625 0.0265625 0.01875
0 0.4578125 0.82578125 0.028125 0.0203125
0 0.190625 0.7828125 0.0125 0.03125
0 0.69453125 0.73359375 0.0140625 0.0328125
0 0.71796875 0.74140625 0.0125 0.01875
0 0.70546875 0.15859375 0.015625 0.0359375
0 0.71484375 0.27109375 0.0171875 0.04375
0 0.72265625 0.390625 0.021875 0.0671875
0 0.7421875 0.45546875 0.015625 0.0546875
0 0.771875 0.43828125 0.0140625 0.034375
0 0.75546875 0.3828125 0.0171875 0.0171875
0 0.78203125 0.38046875 0.0109375 0.015625
0 0.80703125 0.3890625 0.0140625 0.0421875
0 0.80078125 0.26328125 0.015625 0.028125
0 0.73984375 0.22734375 0.0109375 0.0171875
0 0.78671875 0.6125 0.015625 0.015625
0 0.79375 0.6265625 0.015625 0.015625