0 0.37109375 0.0140625 0.0171875 0.0140625
0 0.3875 0.05234375 0.03125 0.0171875
0 0.60234375 0.0734375 0.034375 0.0171875
0 0.640625 0.10390625 0.0703125 0.0359375
0 0.60546875 0.24453125 0.05625 0.0328125
0 0.63359375 0.325 0.015625 0.0453125
0 0.60546875 0.54296875 0.0109375 0.0171875
0 0.57578125 0.5703125 0.0671875 0.046875
0 0.09375 0.14453125 0.0140625 0.034375
0 0.0734375 0.3046875 0.0140625 0.0390625
0 0.03515625 0.33046875 0.0125 0.025
0 0.05859375 0.42890625 0.0140625 0.034375
0 0.046875 0.534375 0.0109375 0.0171875
0 0.065625 0.571875 0.0109375 0.01875
0 0.296875 0.67109375 0.028125 0.0171875
0 0.9125 0.4765625 0.0203125 0.0140625
0 0.83359375 0.53359375 0.0265625 0.075
0 0.5828125 0.72890625 0.046875 0.0296875
0 0.93671875 0.7734375 0.0578125 0.03125
0 0.5296875 0.71796875 0.0140625 0.0265625
0 0.51640625 0.76875 0.0140625 0.03125
0 0.50234375 0.77890625 0.0125 0.0203125
0 0.57734375 0.84453125 0.0265625 0.015625
0 0.746875 0.86328125 0.0328125 0.025
0 0.92734375 0.88359375 0.0234375 0.0140625
0 0.875 0.90078125 0.0296875 0.0234375
0 0.6203125 0.87734375 0.03125 0.025
0 0.41015625 0.71953125 0.05625 0.034375
0 0.23359375 0.70390625 0.0421875 0.028125
0 0.071875 0.71875 0.0125 0.0171875
0 0.1546875 0.7296875 0.025 0.0171875
0 0.27265625 0.74453125 0.025 0.0171875
0 0.42265625 0.7625 0.0234375 0.0171875
0 0.03125 0.7453125 0.0125 0.0171875
0 0.0140625 0.75546875 0.0125 0.0171875