0 0.25703125 0.09375 0.040625 0.0125
0 0.53125 0.22578125 0.078125 0.02421875
0 0.48671875 0.384375 0.09609375 0.02421875
0 0.25703125 0.3953125 0.03984375 0.01171875
0 0.071875 0.4078125 0.0578125 0.0125
0 0.05703125 0.6296875 0.01484375 0.02734375
0 0.21796875 0.8359375 0.05390625 0.0125
0 0.53203125 0.8359375 0.06015625 0.0125
0 0.76875 0.83359375 0.02109375 0.0125
0 0.91875 0.76171875 0.015625 0.0140625
0 0.89609375 0.73125 0.01484375 0.01640625
0 0.86640625 0.7625 0.015625 0.02421875
0 0.7828125 0.66328125 0.01953125 0.0125
0 0.640625 0.759375 0.02265625 0.0125
0 0.58515625 0.72890625 0.01640625 0.01875
0 0.52578125 0.73671875 0.01875 0.01328125
0 0.4875 0.6515625 0.0171875 0.0390625
0 0.5671875 0.634375 0.040625 0.0140625
0 0.653125 0.634375 0.0390625 0.0125
0 0.64375 0.68203125 0.02890625 0.05546875
0 0.53671875 0.57734375 0.0171875 0.01953125
0 0.5375 0.5078125 0.01484375 0.0140625
0 0.5796875 0.5390625 0.015625 0.02109375
0 0.77109375 0.49609375 0.01640625 0.01015625
0 0.87578125 0.48046875 0.01484375 0.01484375
0 0.703125 0.38359375 0.0203125 0.01171875
0 0.7703125 0.36328125 0.01328125 0.01171875
0 0.6859375 0.36328125 0.0546875 0.01171875
0 0.71171875 0.33671875 0.01953125 0.01171875