0 0.2765625 0.0484375 0.03046875 0.01640625
0 0.36484375 0.07578125 0.0328125 0.0140625
0 0.3265625 0.1015625 0.0375 0.01484375
0 0.46015625 0.0484375 0.02421875 0.01796875
0 0.4765625 0.08828125 0.071875 0.0328125
0 0.42265625 0.16171875 0.0109375 0.040625
0 0.45234375 0.2296875 0.0125 0.0203125
0 0.4875 0.33828125 0.01171875 0.04375
0 0.45390625 0.39375 0.0109375 0.01953125
0 0.42265625 0.3953125 0.009375 0.01328125
0 0.23203125 0.39609375 0.009375 0.01640625
0 0.22421875 0.190625 0.0140625 0.040625
0 0.046875 0.21328125 0.0125 0.021875
0 0.0734375 0.3390625 0.04296875 0.01640625
0 0.20546875 0.34140625 0.01484375 0.01640625
0 0.32734375 0.56953125 0.02890625 0.015625
0 0.328125 0.5890625 0.01328125 0.0140625
0 0.0703125 0.61484375 0.07578125 0.03359375
0 0.2359375 0.63828125 0.02734375 0.01484375
0 0.0515625 0.71953125 0.01015625 0.0421875
0 0.08203125 0.734375 0.00859375 0.01171875
0 0.44921875 0.72421875 0.01015625 0.02265625
0 0.32421875 0.78984375 0.0296875 0.02578125
0 0.71796875 0.61796875 0.0484375 0.01640625
0 0.8078125 0.5765625 0.021875 0.015625
0 0.81796875 0.61328125 0.059375 0.0265625
0 0.9328125 0.73828125 0.01015625 0.04453125