0 0.2890625 0.05859375 0.04375 0.0171875
0 0.55625 0.22265625 0.0828125 0.0328125
0 0.49375 0.38046875 0.1015625 0.0359375
0 0.25625 0.36640625 0.0421875 0.0171875
0 0.06484375 0.36015625 0.0609375 0.01875
0 0.02578125 0.5859375 0.01875 0.0296875
0 0.16953125 0.81484375 0.05625 0.01875
0 0.490625 0.8484375 0.0625 0.01875
0 0.734375 0.871875 0.0234375 0.0140625
0 0.89609375 0.8140625 0.0171875 0.0171875
0 0.87578125 0.78046875 0.0171875 0.01875
0 0.8421875 0.809375 0.01875 0.0265625
0 0.7671875 0.6984375 0.021875 0.0140625
0 0.6109375 0.78203125 0.025 0.015625
0 0.5578125 0.74453125 0.01875 0.021875
0 0.4953125 0.74609375 0.0203125 0.015625
0 0.465625 0.65390625 0.021875 0.0421875
0 0.54921875 0.64609375 0.04375 0.01875
0 0.63671875 0.6546875 0.040625 0.0171875
0 0.62265625 0.703125 0.0359375 0.059375
0 0.5234375 0.584375 0.0203125 0.021875
0 0.5328125 0.5125 0.0171875 0.015625
0 0.57265625 0.54921875 0.0171875 0.0234375
0 0.77265625 0.5265625 0.0171875 0.0125
0 0.88203125 0.52109375 0.015625 0.0171875
0 0.715625 0.403125 0.021875 0.0140625
0 0.78671875 0.38984375 0.0140625 0.0125
0 0.7 0.38046875 0.0578125 0.0171875
0 0.7296875 0.35625 0.021875 0.0140625