0 0.32578125 0.84765625 0.0328125 0.0140625
0 0.3703125 0.775 0.0140625 0.0203125
0 0.26875 0.759375 0.03125 0.0171875
0 0.10859375 0.80234375 0.0078125 0.0140625
0 0.0796875 0.6875 0.0109375 0.0328125
0 0.05234375 0.6375 0.0125 0.0328125
0 0.1234375 0.46015625 0.0546875 0.0171875
0 0.28828125 0.33671875 0.015625 0.0125
0 0.4515625 0.35234375 0.0109375 0.0453125
0 0.48359375 0.4609375 0.0515625 0.028125
0 0.69921875 0.5265625 0.0109375 0.0296875
0 0.71015625 0.6953125 0.009375 0.015625
0 0.6359375 0.46015625 0.0125 0.0125
0 0.6953125 0.40234375 0.046875 0.040625
0 0.9375 0.52109375 0.0171875 0.0453125
0 0.75546875 0.38828125 0.0109375 0.015625
0 0.784375 0.33359375 0.0484375 0.021875
0 0.5140625 0.246875 0.05 0.0171875
0 0.5015625 0.17109375 0.0203125 0.0609375
0 0.47421875 0.1375 0.009375 0.0234375
0 0.46640625 0.07578125 0.0125 0.0296875
0 0.35859375 0.06796875 0.0515625 0.028125
0 0.271875 0.09296875 0.021875 0.0125
0 0.21015625 0.0828125 0.0609375 0.0265625
0 0.07890625 0.096875 0.03125 0.0140625
0 0.071875 0.15234375 0.0078125 0.009375
0 0.07578125 0.2 0.0109375 0.0328125
0 0.0796875 0.253125 0.0078125 0.009375
0 0.0375 0.203125 0.009375 0.034375
0 0.2921875 0.3046875 0.0265625 0.0140625