0 0.31953125 0.01484375 0.040625 0.0171875
0 0.5625 0.19140625 0.0875 0.0390625
0 0.0765625 0.31328125 0.0609375 0.0203125
0 0.25546875 0.33515625 0.04375 0.01875
0 0.48515625 0.37734375 0.0921875 0.0390625
0 0.021875 0.5171875 0.01875 0.03125
0 0.2296875 0.79453125 0.05625 0.01875
0 0.77421875 0.36328125 0.0234375 0.0140625
0 0.72734375 0.38359375 0.05625 0.01875
0 0.82109375 0.3984375 0.0140625 0.0125
0 0.75546875 0.41875 0.01875 0.0140625
0 0.9109375 0.5140625 0.0203125 0.0171875
0 0.79609375 0.52109375 0.015625 0.0109375
0 0.55078125 0.48046875 0.0171875 0.015625
0 0.5375 0.5625 0.0171875 0.0234375
0 0.65546875 0.5984375 0.03125 0.015625
0 0.4703125 0.596875 0.0203125 0.04375
0 0.56640625 0.61953125 0.04375 0.0203125
0 0.78359375 0.690625 0.0203125 0.0125
0 0.65078125 0.6859375 0.0375 0.0578125
0 0.56640625 0.72734375 0.021875 0.021875
0 0.509375 0.72578125 0.0171875 0.0171875
0 0.87734375 0.775 0.015625 0.021875
0 0.90703125 0.80078125 0.0171875 0.0171875
0 0.8375 0.809375 0.01875 0.03125
0 0.625 0.77109375 0.025 0.015625
0 0.73671875 0.8640625 0.0203125 0.0140625
0 0.5265625 0.83515625 0.071875 0.021875