0 0.71328125 0.14375 0.01484375 0.01484375
0 0.75546875 0.18046875 0.015625 0.015625
0 0.67265625 0.1796875 0.015625 0.01484375
0 0.69375 0.21484375 0.0140625 0.0140625
0 0.7390625 0.2140625 0.02734375 0.0171875
0 0.76171875 0.21484375 0.009375 0.0140625
0 0.8109375 0.24765625 0.009375 0.01484375
0 0.66640625 0.25234375 0.015625 0.015625
0 0.690625 0.26953125 0.009375 0.0140625
0 0.58203125 0.34765625 0.0109375 0.0375
0 0.603125 0.409375 0.0140625 0.0140625
0 0.69140625 0.4359375 0.01328125 0.01484375
0 0.86953125 0.34765625 0.00859375 0.01875
0 0.84921875 0.3390625 0.0140625 0.0359375
0 0.82890625 0.33125 0.01171875 0.02109375
0 0.84375 0.3859375 0.0125 0.01953125
0 0.8078125 0.37421875 0.00859375 0.02109375