0 0.2390625 0.01484375 0.015625 0.0171875
0 0.3453125 0.0421875 0.04375 0.0515625
0 0.57734375 0.15390625 0.0546875 0.05
0 0.615625 0.2921875 0.0421875 0.0515625
0 0.17890625 0.1953125 0.0125 0.025
0 0.2203125 0.27109375 0.021875 0.028125
0 0.2375 0.32421875 0.021875 0.0296875
0 0.1921875 0.32109375 0.0125 0.0140625
0 0.1578125 0.38203125 0.0265625 0.0296875
0 0.21640625 0.3796875 0.0171875 0.0171875
0 0.1921875 0.38828125 0.0140625 0.015625
0 0.2375 0.3953125 0.0140625 0.015625
0 0.371875 0.415625 0.01875 0.01875
0 0.35078125 0.425 0.01875 0.0171875
0 0.50703125 0.4375 0.0140625 0.015625
0 0.540625 0.44296875 0.0140625 0.015625
0 0.56015625 0.4453125 0.0125 0.0140625
0 0.59921875 0.45234375 0.0125 0.0140625
0 0.6 0.4640625 0.01875 0.015625
0 0.64765625 0.46015625 0.0140625 0.015625
0 0.69140625 0.4671875 0.0140625 0.015625
0 0.72890625 0.48515625 0.015625 0.015625
0 0.715625 0.390625 0.0234375 0.0296875
0 0.75859375 0.409375 0.01875 0.0203125
0 0.85859375 0.38046875 0.0125 0.0265625
0 0.85078125 0.35703125 0.015625 0.040625
0 0.83984375 0.35390625 0.0125 0.0203125
0 0.83125 0.33125 0.0125 0.0203125
0 0.84140625 0.2671875 0.0125 0.01875
0 0.85546875 0.24765625 0.0125 0.01875
0 0.87109375 0.22890625 0.015625 0.040625
0 0.88203125 0.22890625 0.0140625 0.025
0 0.9890625 0.13203125 0.021875 0.0203125
0 0.92109375 0.3140625 0.0109375 0.0140625
0 0.92734375 0.4921875 0.009375 0.0140625