0 0.42421875 0.296875 0.04296875 0.059375
0 0.53828125 0.25234375 0.06015625 0.04296875
0 0.75078125 0.12421875 0.10546875 0.01953125
0 0.72890625 0.15546875 0.05703125 0.0234375
0 0.7671875 0.1578125 0.02734375 0.02109375
0 0.78984375 0.1875 0.02734375 0.02109375
0 0.709375 0.209375 0.0421875 0.02109375
0 0.80078125 0.2078125 0.0421875 0.02109375
0 0.646875 0.32109375 0.015625 0.071875
0 0.746875 0.321875 0.0140625 0.03125
0 0.85 0.3234375 0.015625 0.046875
0 0.86875 0.321875 0.01796875 0.109375
0 0.884375 0.321875 0.015625 0.15390625
0 0.825 0.28671875 0.0203125 0.0359375
0 0.828125 0.36796875 0.021875 0.04453125
0 0.8140625 0.390625 0.0109375 0.05546875
0 0.7171875 0.41328125 0.0375 0.0234375
0 0.68828125 0.303125 0.02734375 0.0265625