0 0.21328125 0.13515625 0.0125 0.0203125
0 0.27578125 0.22109375 0.0140625 0.021875
0 0.2734375 0.28828125 0.0125 0.0328125
0 0.34609375 0.13828125 0.009375 0.015625
0 0.37265625 0.13828125 0.015625 0.015625
0 0.60625 0.14609375 0.025 0.015625
0 0.84140625 0.1546875 0.0171875 0.015625
0 0.86640625 0.15546875 0.0125 0.015625
0 0.840625 0.1875 0.009375 0.015625
0 0.90859375 0.2140625 0.0171875 0.040625
0 0.41953125 0.31328125 0.0328125 0.025
0 0.46015625 0.17421875 0.0265625 0.0171875
0 0.30078125 0.3875 0.0125 0.0140625
0 0.89609375 0.40546875 0.0125 0.015625