0 0.44609375 0.28984375 0.0484375 0.0640625
0 0.5640625 0.2578125 0.0640625 0.0484375
0 0.7890625 0.15234375 0.10625 0.0296875
0 0.76328125 0.18125 0.059375 0.0296875
0 0.8015625 0.1875 0.0296875 0.0234375
0 0.82109375 0.21953125 0.0296875 0.0234375
0 0.73828125 0.2328125 0.04375 0.025
0 0.8296875 0.240625 0.04375 0.025
0 0.66484375 0.3375 0.0234375 0.0734375
0 0.7640625 0.3484375 0.0171875 0.0328125
0 0.86640625 0.3609375 0.0203125 0.0484375
0 0.88515625 0.36171875 0.0296875 0.1109375
0 0.90078125 0.36328125 0.03125 0.1546875
0 0.8453125 0.321875 0.0234375 0.0375
0 0.83984375 0.403125 0.0265625 0.046875
0 0.8234375 0.42421875 0.0171875 0.05625
0 0.725 0.43671875 0.0390625 0.0265625
0 0.7078125 0.32421875 0.0296875 0.0296875