0 0.209375 0.14140625 0.0125 0.01953125
0 0.2734375 0.22265625 0.0125 0.0203125
0 0.27265625 0.2875 0.01171875 0.03125
0 0.33828125 0.13984375 0.009375 0.01484375
0 0.3640625 0.1390625 0.015625 0.01484375
0 0.590625 0.1390625 0.02421875 0.01484375
0 0.81796875 0.1390625 0.015625 0.01484375
0 0.8421875 0.1390625 0.0109375 0.01484375
0 0.81953125 0.17109375 0.00859375 0.01484375
0 0.8859375 0.19453125 0.01484375 0.03984375
0 0.415625 0.3078125 0.03125 0.02265625
0 0.44921875 0.17109375 0.02578125 0.01640625
0 0.30234375 0.38359375 0.0125 0.0140625
0 0.8796875 0.38046875 0.01171875 0.01484375