0 0.16328125 0.13046875 0.01171875 0.01328125
0 0.26328125 0.13984375 0.03359375 0.0421875
0 0.48828125 0.2078125 0.04453125 0.0390625
0 0.54375 0.32734375 0.0328125 0.04296875
0 0.134375 0.30234375 0.00859375 0.021875
0 0.1828125 0.365625 0.0171875 0.0234375
0 0.20625 0.4109375 0.01640625 0.02421875
0 0.16484375 0.4140625 0.009375 0.01171875
0 0.1421875 0.47421875 0.0203125 0.02421875
0 0.19453125 0.4640625 0.0140625 0.01484375
0 0.1734375 0.475 0.01171875 0.01171875
0 0.215625 0.47421875 0.0109375 0.0125
0 0.340625 0.4734375 0.015625 0.0140625
0 0.32265625 0.4859375 0.015625 0.01328125
0 0.46640625 0.47421875 0.01171875 0.0125
0 0.49765625 0.47421875 0.0109375 0.0125
0 0.515625 0.47421875 0.01015625 0.01171875
0 0.5515625 0.47421875 0.01015625 0.0125
0 0.55390625 0.48515625 0.01484375 0.0125
0 0.596875 0.47421875 0.0109375 0.0125
0 0.63671875 0.47421875 0.01171875 0.0125
0 0.6734375 0.48515625 0.0125 0.0125
0 0.6484375 0.4015625 0.0171875 0.025
0 0.68984375 0.41328125 0.0140625 0.0171875
0 0.77578125 0.37265625 0.00859375 0.02265625
0 0.765625 0.35234375 0.009375 0.03671875
0 0.7546875 0.3515625 0.00859375 0.0171875
0 0.74453125 0.33203125 0.00859375 0.0171875
0 0.74375 0.27265625 0.009375 0.01640625
0 0.7546875 0.253125 0.00859375 0.01640625
0 0.765625 0.23359375 0.009375 0.03515625
0 0.77578125 0.23203125 0.009375 0.021875
0 0.86171875 0.1296875 0.02421875 0.01484375
0 0.8234375 0.30390625 0.00859375 0.0109375
0 0.8546875 0.46328125 0.00703125 0.0125