0 0.1609375 0.1296875 0.0125 0.0125
0 0.26171875 0.13828125 0.034375 0.0421875
0 0.48828125 0.20703125 0.04375 0.0390625
0 0.54375 0.32734375 0.034375 0.04375
0 0.13203125 0.30234375 0.009375 0.021875
0 0.18125 0.365625 0.0171875 0.025
0 0.2046875 0.4109375 0.015625 0.025
0 0.1625 0.41484375 0.009375 0.0125
0 0.13984375 0.47421875 0.0203125 0.025
0 0.1921875 0.46484375 0.0140625 0.015625
0 0.171875 0.475 0.0125 0.0125
0 0.2140625 0.475 0.0109375 0.0125
0 0.33984375 0.47421875 0.015625 0.0140625
0 0.321875 0.48671875 0.015625 0.0125
0 0.465625 0.475 0.0125 0.0125
0 0.49765625 0.475 0.0109375 0.0125
0 0.51484375 0.475 0.009375 0.0125
0 0.5515625 0.475 0.009375 0.0125
0 0.55390625 0.4859375 0.015625 0.0125
0 0.596875 0.475 0.0109375 0.0125
0 0.63671875 0.475 0.0125 0.0125
0 0.6734375 0.4859375 0.0125 0.0125
0 0.6484375 0.4015625 0.0171875 0.025
0 0.690625 0.41328125 0.0140625 0.0171875
0 0.7765625 0.37265625 0.009375 0.0234375
0 0.76640625 0.35234375 0.009375 0.0375
0 0.75625 0.35078125 0.009375 0.0171875
0 0.7453125 0.33203125 0.009375 0.0171875
0 0.74453125 0.271875 0.009375 0.015625
0 0.75546875 0.25234375 0.009375 0.015625
0 0.76640625 0.2328125 0.009375 0.0359375
0 0.7765625 0.23125 0.009375 0.021875
0 0.86328125 0.128125 0.025 0.015625
0 0.82421875 0.303125 0.009375 0.0125
0 0.85625 0.4640625 0.00625 0.0125