0 0.1765625 0.13828125 0.015625 0.021875
0 0.2546875 0.21796875 0.015625 0.0234375
0 0.26171875 0.2875 0.015625 0.034375
0 0.315625 0.12109375 0.0125 0.0171875
0 0.34296875 0.1171875 0.0171875 0.0171875
0 0.5875 0.09140625 0.028125 0.01875
0 0.8328125 0.065625 0.01875 0.0171875
0 0.859375 0.06328125 0.0140625 0.0171875
0 0.8375 0.1 0.0109375 0.0171875
0 0.9125 0.11796875 0.0203125 0.04375
0 0.41796875 0.29375 0.0359375 0.028125
0 0.4390625 0.1421875 0.0296875 0.0203125
0 0.3046875 0.3875 0.0140625 0.015625
0 0.9265625 0.31953125 0.0140625 0.0171875