0 0.74140625 0.1484375 0.015625 0.015625
0 0.7859375 0.1875 0.015625 0.015625
0 0.6984375 0.1875 0.015625 0.015625
0 0.7203125 0.22421875 0.015625 0.015625
0 0.76796875 0.2234375 0.028125 0.01875
0 0.79296875 0.22421875 0.009375 0.015625
0 0.84453125 0.25859375 0.009375 0.015625
0 0.690625 0.2640625 0.015625 0.015625
0 0.7171875 0.28203125 0.009375 0.015625
0 0.60234375 0.365625 0.0125 0.040625
0 0.6234375 0.43046875 0.015625 0.015625
0 0.7171875 0.45859375 0.0140625 0.015625
0 0.90625 0.365625 0.009375 0.01875
0 0.88515625 0.35625 0.015625 0.0375
0 0.8640625 0.34765625 0.0125 0.021875
0 0.8796875 0.40625 0.0125 0.0203125
0 0.84140625 0.39296875 0.009375 0.021875