0 0.4453125 0.2828125 0.0484375 0.0640625
0 0.56484375 0.24609375 0.0640625 0.0484375
0 0.7921875 0.1296875 0.109375 0.028125
0 0.7671875 0.16015625 0.059375 0.028125
0 0.80625 0.165625 0.0296875 0.0234375
0 0.82734375 0.19765625 0.0296875 0.0234375
0 0.74375 0.2140625 0.0453125 0.025
0 0.83671875 0.21953125 0.0453125 0.025
0 0.67109375 0.32421875 0.021875 0.075
0 0.77421875 0.3328125 0.015625 0.0328125
0 0.878125 0.340625 0.0203125 0.0484375
0 0.89765625 0.340625 0.025 0.1125
0 0.9140625 0.3421875 0.028125 0.1578125
0 0.85625 0.3015625 0.0234375 0.0390625
0 0.853125 0.38515625 0.025 0.046875
0 0.8375 0.4078125 0.015625 0.0578125
0 0.7375 0.4234375 0.040625 0.0265625
0 0.71484375 0.309375 0.0296875 0.0296875