0 0.25703125 0.134375 0.00546875 0.0109375
0 0.28515625 0.20078125 0.00703125 0.0140625
0 0.284375 0.26328125 0.00859375 0.03046875
0 0.34609375 0.12890625 0.00703125 0.01015625
0 0.3796875 0.12890625 0.01171875 0.0109375
0 0.43125 0.1625 0.02421875 0.01171875
0 0.409375 0.2609375 0.0265625 0.01953125
0 0.6078125 0.3796875 0.01796875 0.01171875
0 0.85546875 0.24609375 0.00546875 0.0109375
0 0.8734375 0.17265625 0.01484375 0.0390625
0 0.85390625 0.128125 0.01796875 0.0125
0 0.82578125 0.12890625 0.0171875 0.01171875
0 0.7953125 0.128125 0.0171875 0.0125