0 0.26171875 0.1296875 0.00625 0.0125
0 0.29453125 0.20078125 0.0078125 0.015625
0 0.29609375 0.26796875 0.009375 0.0328125
0 0.3578125 0.1203125 0.0078125 0.0109375
0 0.39453125 0.11953125 0.0125 0.0125
0 0.45078125 0.15390625 0.0265625 0.0140625
0 0.43046875 0.2609375 0.0296875 0.021875
0 0.64921875 0.38046875 0.01875 0.0125
0 0.9109375 0.22734375 0.00625 0.0125
0 0.928125 0.1484375 0.0171875 0.0421875
0 0.90546875 0.1015625 0.01875 0.0140625
0 0.875 0.10234375 0.01875 0.0125
0 0.84296875 0.103125 0.01875 0.0140625