0 0.22578125 0.1203125 0.00625 0.0125
0 0.25625 0.19296875 0.0078125 0.015625
0 0.25390625 0.26015625 0.009375 0.0328125
0 0.32421875 0.115625 0.0078125 0.0109375
0 0.3609375 0.11640625 0.0125 0.0125
0 0.41640625 0.15390625 0.0265625 0.0125
0 0.38984375 0.2609375 0.0296875 0.021875
0 0.60390625 0.39375 0.0203125 0.0125
0 0.87734375 0.25234375 0.00625 0.0125
0 0.8984375 0.1734375 0.015625 0.0421875
0 0.878125 0.12421875 0.0203125 0.0140625
0 0.846875 0.125 0.01875 0.0125
0 0.8140625 0.1234375 0.01875 0.0140625