0 0.69453125 0.11953125 0.015625 0.015625
0 0.74140625 0.153125 0.0171875 0.0171875
0 0.65546875 0.1609375 0.0171875 0.015625
0 0.6796875 0.19453125 0.015625 0.015625
0 0.72734375 0.18984375 0.0296875 0.0203125
0 0.75 0.1890625 0.0109375 0.0140625
0 0.80390625 0.21875 0.0109375 0.015625
0 0.6546875 0.2359375 0.0171875 0.0171875
0 0.68203125 0.2515625 0.0109375 0.0140625
0 0.57734375 0.34296875 0.015625 0.040625
0 0.60390625 0.4046875 0.015625 0.015625
0 0.696875 0.42421875 0.015625 0.015625
0 0.8734375 0.31640625 0.0109375 0.0203125
0 0.8515625 0.309375 0.0171875 0.0390625
0 0.83046875 0.303125 0.0140625 0.0234375
0 0.85078125 0.35859375 0.015625 0.021875
0 0.8125 0.3484375 0.0109375 0.021875