0 0.18046875 0.42265625 0.0328125 0.028125
0 0.178125 0.37734375 0.05 0.0296875
0 0.165625 0.48671875 0.0921875 0.08125
0 0.109375 0.515625 0.0390625 0.128125
0 0.1328125 0.51015625 0.0203125 0.0578125
0 0.12109375 0.50703125 0.0203125 0.0609375
0 0.2046875 0.609375 0.034375 0.0265625
0 0.25546875 0.640625 0.109375 0.0390625
0 0.27109375 0.66875 0.1328125 0.04375
0 0.31328125 0.60078125 0.0203125 0.021875
0 0.29453125 0.60390625 0.0171875 0.021875
0 0.3390625 0.47265625 0.04375 0.1703125
0 0.359375 0.46640625 0.05 0.20625
0 0.346875 0.55859375 0.08125 0.1109375
0 0.571875 0.44375 0.0359375 0.1140625
0 0.453125 0.30234375 0.034375 0.0265625
0 0.48984375 0.33984375 0.0671875 0.0609375
0 0.4234375 0.38125 0.128125 0.125
0 0.221875 0.44296875 0.034375 0.06875