0 0.17578125 0.39765625 0.0296875 0.0234375
0 0.17734375 0.35390625 0.046875 0.025
0 0.15625 0.45625 0.0828125 0.071875
0 0.10234375 0.478125 0.0265625 0.1203125
0 0.1234375 0.47578125 0.0140625 0.0546875
0 0.1140625 0.471875 0.015625 0.05625
0 0.18359375 0.575 0.03125 0.0234375
0 0.22890625 0.60859375 0.103125 0.028125
0 0.24140625 0.63671875 0.125 0.03125
0 0.2859375 0.575 0.01875 0.0203125
0 0.26875 0.5765625 0.0140625 0.0203125
0 0.32109375 0.4578125 0.028125 0.1625
0 0.340625 0.45390625 0.03125 0.1953125
0 0.32109375 0.5390625 0.0703125 0.1015625
0 0.54296875 0.44921875 0.025 0.1078125
0 0.44296875 0.30546875 0.03125 0.0234375
0 0.475 0.3453125 0.0609375 0.053125
0 0.40859375 0.378125 0.1125 0.1109375
0 0.21328125 0.4203125 0.0265625 0.0640625