0 0.1921875 0.36015625 0.0265625 0.02109375
0 0.19765625 0.31875 0.04296875 0.0203125
0 0.16875 0.415625 0.075 0.0625
0 0.1140625 0.4328125 0.015625 0.115625
0 0.1359375 0.43203125 0.009375 0.05234375
0 0.12578125 0.42734375 0.009375 0.0546875
0 0.184375 0.5328125 0.02890625 0.01953125
0 0.225 0.56875 0.09921875 0.01875
0 0.23515625 0.596875 0.1203125 0.0203125
0 0.28359375 0.54140625 0.015625 0.01796875
0 0.2671875 0.54140625 0.01171875 0.01796875
0 0.32734375 0.43046875 0.0140625 0.15703125
0 0.346875 0.428125 0.0140625 0.1890625
0 0.32109375 0.509375 0.059375 0.09296875
0 0.5421875 0.44140625 0.015625 0.10390625
0 0.4578125 0.29453125 0.028125 0.0203125
0 0.48515625 0.33515625 0.05390625 0.04609375
0 0.41875 0.36171875 0.1015625 0.0984375
0 0.2265625 0.38515625 0.0203125 0.06015625