0 0.165625 0.27421875 0.015625 0.0109375
0 0.41640625 0.27734375 0.03359375 0.025
0 0.4875 0.2453125 0.01015625 0.01015625
0 0.4859375 0.2671875 0.02109375 0.01015625
0 0.584375 0.275 0.04140625 0.0109375
0 0.58671875 0.29140625 0.0421875 0.02109375
0 0.59609375 0.36875 0.0203125 0.02109375
0 0.446875 0.3796875 0.02109375 0.01171875
0 0.52578125 0.3796875 0.021875 0.01171875
0 0.24609375 0.40078125 0.025 0.01015625
0 0.40625 0.40078125 0.025 0.01015625
0 0.565625 0.40078125 0.02421875 0.01015625
0 0.7265625 0.40078125 0.0265625 0.01015625
0 0.8234375 0.4015625 0.009375 0.0109375
0 0.48671875 0.42265625 0.0125 0.0109375
0 0.86015625 0.32734375 0.0078125 0.01328125
0 0.87265625 0.32734375 0.01171875 0.02578125
0 0.87421875 0.3875 0.01953125 0.01953125
0 0.88125 0.3625 0.03046875 0.0203125
0 0.86015625 0.2828125 0.07578125 0.028125
0 0.1734375 0.49140625 0.03203125 0.01953125
0 0.1203125 0.56640625 0.0078125 0.04140625
0 0.78671875 0.525 0.00703125 0.01015625
0 0.7953125 0.55859375 0.00703125 0.0078125
0 0.85 0.565625 0.0078125 0.01171875
0 0.8625 0.57421875 0.00859375 0.025
0 0.884375 0.5 0.00859375 0.028125