0 0.2953125 0.253125 0.025 0.0296875
0 0.32421875 0.20546875 0.071875 0.0234375
0 0.20390625 0.3375 0.08671875 0.02109375
0 0.275 0.32734375 0.03203125 0.0265625
0 0.221875 0.403125 0.03359375 0.02421875
0 0.296875 0.3515625 0.02109375 0.01640625
0 0.3 0.39609375 0.01875 0.07265625
0 0.48515625 0.4390625 0.01640625 0.0140625
0 0.39921875 0.3234375 0.06953125 0.03671875
0 0.3984375 0.3171875 0.1609375 0.04921875
0 0.38125 0.37734375 0.0390625 0.03046875
0 0.38359375 0.3671875 0.03515625 0.046875
0 0.46171875 0.46171875 0.1296875 0.02265625
0 0.33515625 0.46171875 0.1296875 0.02421875
0 0.26484375 0.4625 0.01953125 0.0265625
0 0.5328125 0.4625 0.0203125 0.0265625
0 0.55234375 0.3953125 0.0359375 0.078125
0 0.5609375 0.3953125 0.03828125 0.1078125
0 0.25703125 0.5328125 0.08984375 0.021875
0 0.3984375 0.5265625 0.1078125 0.0234375
0 0.3984375 0.54375 0.090625 0.0171875
0 0.37265625 0.57421875 0.015625 0.0421875
0 0.3890625 0.59609375 0.0125 0.04375
0 0.43359375 0.6296875 0.00859375 0.05390625
0 0.31953125 0.62734375 0.021875 0.02421875