0 0.1859375 0.43515625 0.05546875 0.0328125
0 0.25625 0.40390625 0.0515625 0.0125
0 0.17890625 0.246875 0.03046875 0.01953125
0 0.24296875 0.2484375 0.1171875 0.021875
0 0.1421875 0.34609375 0.01953125 0.07109375
0 0.13046875 0.34609375 0.01484375 0.1
0 0.1171875 0.34609375 0.0109375 0.1
0 0.36015625 0.57890625 0.02421875 0.04765625
0 0.1453125 0.2890625 0.0984375 0.08046875
0 0.20859375 0.38203125 0.065625 0.04765625
0 0.38046875 0.346875 0.0265625 0.109375
0 0.3703125 0.40546875 0.06015625 0.03203125
0 0.2984375 0.4125 0.0109375 0.015625
0 0.31953125 0.5484375 0.01875 0.021875
0 0.44453125 0.35546875 0.03515625 0.03984375
0 0.309375 0.3640625 0.0125 0.01328125
0 0.35625 0.32734375 0.02890625 0.065625
0 0.33046875 0.3078125 0.05625 0.06953125
0 0.275 0.29609375 0.03046875 0.040625
0 0.29609375 0.31171875 0.0765625 0.05
0 0.2234375 0.28203125 0.03359375 0.021875
0 0.228125 0.5515625 0.01484375 0.0265625
0 0.2265625 0.61015625 0.01484375 0.02578125
0 0.1765625 0.6109375 0.01953125 0.0234375