0 0.22890625 0.55859375 0.01875 0.015625
0 0.2125 0.29453125 0.01875 0.021875
0 0.38203125 0.22734375 0.0109375 0.015625
0 0.446875 0.365625 0.0140625 0.0234375
0 0.453125 0.51796875 0.0109375 0.0140625
0 0.38984375 0.57109375 0.0109375 0.0140625
0 0.296875 0.59453125 0.0171875 0.0171875
0 0.1953125 0.5375 0.0125 0.015625
0 0.18359375 0.4328125 0.0125 0.015625
0 0.36875 0.64375 0.0328125 0.0203125
0 0.17265625 0.60234375 0.0953125 0.0390625
0 0.5203125 0.4015625 0.009375 0.0296875
0 0.5546875 0.21796875 0.0140625 0.0125
0 0.59921875 0.40390625 0.0109375 0.028125
0 0.58671875 0.3734375 0.0125 0.0125
0 0.61328125 0.578125 0.01875 0.0125
0 0.55859375 0.6 0.021875 0.0171875
0 0.584375 0.64921875 0.015625 0.0125