0 0.22578125 0.56484375 0.01875 0.015625
0 0.2140625 0.30859375 0.0171875 0.021875
0 0.3796875 0.24609375 0.0109375 0.0140625
0 0.440625 0.38203125 0.0125 0.0234375
0 0.44453125 0.5296875 0.009375 0.0140625
0 0.38125 0.58046875 0.009375 0.0140625
0 0.290625 0.6015625 0.0171875 0.0171875
0 0.19375 0.54453125 0.0125 0.015625
0 0.184375 0.4421875 0.0109375 0.015625
0 0.36015625 0.6515625 0.0328125 0.0203125
0 0.1703125 0.60625 0.0921875 0.0359375
0 0.5109375 0.4171875 0.009375 0.028125
0 0.54765625 0.23984375 0.0140625 0.0125
0 0.5875 0.42109375 0.0109375 0.028125
0 0.5765625 0.3921875 0.0109375 0.0125
0 0.5984375 0.590625 0.01875 0.0125
0 0.5453125 0.6109375 0.021875 0.0171875
0 0.56875 0.659375 0.0140625 0.0125