0 0.484375 0.525 0.0140625 0.059375
0 0.45 0.4578125 0.0109375 0.0203125
0 0.3953125 0.41328125 0.009375 0.0140625
0 0.3546875 0.2890625 0.0125 0.0171875
0 0.3484375 0.3203125 0.0109375 0.0140625
0 0.30234375 0.29296875 0.0078125 0.0140625
0 0.2984375 0.3578125 0.0078125 0.0125
0 0.3328125 0.3546875 0.0078125 0.0125
0 0.34921875 0.353125 0.0078125 0.0125
0 0.25625 0.56328125 0.0125 0.028125
0 0.2734375 0.55546875 0.021875 0.0484375
0 0.23359375 0.56484375 0.0125 0.028125
0 0.2109375 0.5671875 0.0140625 0.0421875
0 0.1890625 0.56875 0.0125 0.0265625
0 0.165625 0.57109375 0.0125 0.0265625
0 0.1296875 0.30078125 0.1140625 0.0390625
0 0.53828125 0.69609375 0.0703125 0.05