0 0.4125 0.18671875 0.03046875 0.0140625
0 0.48671875 0.2046875 0.0078125 0.01796875
0 0.55625 0.2078125 0.01015625 0.028125
0 0.52890625 0.215625 0.0109375 0.009375
0 0.5296875 0.25390625 0.01171875 0.00859375
0 0.48671875 0.25859375 0.02265625 0.015625
0 0.41015625 0.2796875 0.01640625 0.01015625
0 0.25078125 0.259375 0.01484375 0.009375
0 0.334375 0.3890625 0.00703125 0.01484375
0 0.4390625 0.35234375 0.0203125 0.01640625
0 0.3640625 0.44375 0.015625 0.01484375
0 0.2859375 0.4359375 0.01171875 0.0125
0 0.23203125 0.4578125 0.009375 0.015625
0 0.2375 0.49296875 0.0078125 0.0140625
0 0.25546875 0.503125 0.0296875 0.0203125
0 0.2640625 0.53671875 0.01875 0.01171875
0 0.284375 0.56875 0.00859375 0.0125
0 0.52578125 0.45234375 0.01640625 0.01171875
0 0.5265625 0.471875 0.01640625 0.0109375
0 0.40546875 0.6953125 0.0078125 0.01015625