0 0.23515625 0.453125 0.01015625 0.015625
0 0.240625 0.49453125 0.00703125 0.01484375
0 0.26953125 0.53828125 0.01796875 0.009375
0 0.29140625 0.4328125 0.00703125 0.0109375
0 0.3546875 0.4640625 0.0140625 0.01484375
0 0.4703125 0.359375 0.0109375 0.01171875
0 0.50859375 0.43828125 0.0078125 0.0109375
0 0.51640625 0.56171875 0.0109375 0.0265625
0 0.4671875 0.6765625 0.00703125 0.0109375
0 0.403125 0.690625 0.00703125 0.009375
0 0.2671875 0.59921875 0.015625 0.01015625
0 0.26796875 0.58046875 0.01484375 0.009375
0 0.25 0.26171875 0.01328125 0.009375
0 0.409375 0.190625 0.0296875 0.01328125
0 0.48046875 0.259375 0.0234375 0.01328125
0 0.4078125 0.28125 0.01484375 0.01015625
0 0.55234375 0.209375 0.009375 0.02578125