0 0.26796875 0.26796875 0.028125 0.0328125
0 0.29296875 0.21640625 0.075 0.03125
0 0.18359375 0.36484375 0.090625 0.03125
0 0.25546875 0.34765625 0.0359375 0.03125
0 0.20859375 0.43046875 0.0375 0.028125
0 0.28046875 0.36953125 0.0234375 0.01875
0 0.28828125 0.41484375 0.0265625 0.0765625
0 0.4828125 0.4390625 0.0171875 0.015625
0 0.38203125 0.3296875 0.075 0.0453125
0 0.38125 0.3234375 0.1703125 0.0671875
0 0.36953125 0.38671875 0.0421875 0.0359375
0 0.37109375 0.37578125 0.040625 0.0515625
0 0.46171875 0.46484375 0.1359375 0.0375
0 0.33125 0.47734375 0.1359375 0.0390625
0 0.25859375 0.4859375 0.0234375 0.0296875
0 0.534375 0.45703125 0.0234375 0.0296875
0 0.546875 0.38671875 0.0453125 0.084375
0 0.55546875 0.3859375 0.05 0.1140625
0 0.25859375 0.56015625 0.09375 0.0328125
0 0.403125 0.53828125 0.1125 0.0359375
0 0.40546875 0.55546875 0.09375 0.028125
0 0.38203125 0.5890625 0.0203125 0.0453125
0 0.40078125 0.61015625 0.0171875 0.046875
0 0.45 0.640625 0.0140625 0.05625
0 0.33359375 0.65 0.025 0.0265625