0 0.0796875 0.2890625 0.0140625 0.03125
0 0.15546875 0.25625 0.0296875 0.01875
0 0.24921875 0.2515625 0.0234375 0.0140625
0 0.29140625 0.26953125 0.015625 0.015625
0 0.2640625 0.3328125 0.0265625 0.015625
0 0.409375 0.240625 0.0203125 0.0140625
0 0.5515625 0.23125 0.01875 0.0140625
0 0.63828125 0.225 0.0140625 0.0140625
0 0.384375 0.3609375 0.028125 0.0171875
0 0.2796875 0.45703125 0.009375 0.015625
0 0.7046875 0.21484375 0.0265625 0.0296875
0 0.73828125 0.275 0.0109375 0.0171875
0 0.165625 0.365625 0.0375 0.046875
0 0.17109375 0.3578125 0.01875 0.0296875