0 0.3125 0.24296875 0.028125 0.0328125
0 0.346875 0.19453125 0.078125 0.03125
0 0.20859375 0.3234375 0.0921875 0.0296875
0 0.284375 0.31875 0.0359375 0.03125
0 0.221875 0.39296875 0.0375 0.028125
0 0.30546875 0.346875 0.0234375 0.01875
0 0.30390625 0.39375 0.0265625 0.078125
0 0.4953125 0.45546875 0.01875 0.015625
0 0.41484375 0.32578125 0.0765625 0.0453125
0 0.41484375 0.31953125 0.1734375 0.065625
0 0.39140625 0.38046875 0.04375 0.0359375
0 0.39453125 0.37109375 0.040625 0.053125
0 0.46796875 0.4765625 0.1390625 0.0359375
0 0.33515625 0.46484375 0.1390625 0.0375
0 0.2609375 0.459375 0.0234375 0.0296875
0 0.54296875 0.484375 0.0234375 0.0296875
0 0.56953125 0.415625 0.0453125 0.0859375
0 0.57890625 0.41640625 0.05 0.115625
0 0.246875 0.5328125 0.096875 0.03125
0 0.3953125 0.53984375 0.115625 0.034375
0 0.39453125 0.5578125 0.096875 0.0265625
0 0.36484375 0.58671875 0.0203125 0.0453125
0 0.3796875 0.6109375 0.0171875 0.046875
0 0.4234375 0.65078125 0.0140625 0.05625
0 0.30390625 0.63828125 0.025 0.028125