0 0.28359375 0.271875 0.034375 0.0203125
0 0.20859375 0.28671875 0.0203125 0.040625
0 0.29140625 0.3484375 0.0171875 0.01875
0 0.28984375 0.36875 0.0109375 0.0140625
0 0.33203125 0.3421875 0.0078125 0.0140625
0 0.36171875 0.3015625 0.0125 0.021875
0 0.32890625 0.48671875 0.078125 0.028125
0 0.31484375 0.57734375 0.015625 0.025
0 0.25546875 0.6 0.0109375 0.01875
0 0.4109375 0.5328125 0.0203125 0.059375
0 0.42890625 0.5328125 0.01875 0.040625
0 0.5703125 0.5328125 0.0234375 0.0296875
0 0.5359375 0.540625 0.0234375 0.028125