0 0.48046875 0.48984375 0.015625 0.0546875
0 0.4453125 0.42890625 0.0109375 0.0203125
0 0.39140625 0.390625 0.009375 0.0140625
0 0.346875 0.27578125 0.0125 0.015625
0 0.34296875 0.30546875 0.0109375 0.0140625
0 0.29921875 0.28203125 0.009375 0.0140625
0 0.29921875 0.34296875 0.0078125 0.0125
0 0.33046875 0.33828125 0.0078125 0.0125
0 0.3453125 0.33671875 0.0078125 0.0125
0 0.26875 0.53671875 0.0125 0.0265625
0 0.284375 0.52890625 0.0234375 0.046875
0 0.24765625 0.5390625 0.0125 0.0265625
0 0.2265625 0.5421875 0.0140625 0.040625
0 0.20703125 0.54609375 0.0125 0.025
0 0.18515625 0.54921875 0.0125 0.025
0 0.13828125 0.2984375 0.1078125 0.0421875
0 0.53984375 0.64765625 0.0671875 0.05