0 0.2296875 0.52578125 0.01640625 0.01328125
0 0.23125 0.284375 0.015625 0.01953125
0 0.38984375 0.234375 0.009375 0.01328125
0 0.43984375 0.3640625 0.0109375 0.02109375
0 0.4359375 0.503125 0.00859375 0.01328125
0 0.375 0.54765625 0.00859375 0.01328125
0 0.28984375 0.5625 0.01484375 0.01484375
0 0.2015625 0.5046875 0.0109375 0.01484375
0 0.196875 0.40859375 0.009375 0.0140625
0 0.3515625 0.6125 0.0296875 0.01640625
0 0.17578125 0.56171875 0.08515625 0.02890625
0 0.5046875 0.4015625 0.00703125 0.0265625
0 0.546875 0.23671875 0.0125 0.0109375
0 0.57578125 0.40859375 0.00859375 0.02578125
0 0.56640625 0.38046875 0.01015625 0.01171875
0 0.578125 0.56796875 0.0171875 0.0109375
0 0.5265625 0.584375 0.01953125 0.01484375
0 0.546875 0.63046875 0.01328125 0.0109375