0 0.41328125 0.22890625 0.62421875 0.021875
0 0.2265625 0.246875 0.18828125 0.01875
0 0.4125 0.24609375 0.190625 0.01796875
0 0.5859375 0.24609375 0.1640625 0.0171875
0 0.6953125 0.24609375 0.05859375 0.0171875
0 0.2671875 0.26640625 0.1078125 0.0171875
0 0.35078125 0.340625 0.14375 0.03046875
0 0.6171875 0.34140625 0.053125 0.028125
0 0.6828125 0.3203125 0.01484375 0.0609375
0 0.76484375 0.2453125 0.0296875 0.02109375
0 0.79296875 0.3015625 0.01484375 0.03046875
0 0.21484375 0.36953125 0.1203125 0.01875
0 0.21484375 0.3859375 0.0921875 0.01796875
0 0.2828125 0.41171875 0.01171875 0.053125
0 0.21484375 0.49296875 0.0296875 0.01484375