0 0.328125 0.2390625 0.0328125 0.015625
0 0.25 0.23984375 0.015625 0.0390625
0 0.32109375 0.3171875 0.0140625 0.0171875
0 0.315625 0.33671875 0.009375 0.0140625
0 0.36171875 0.31796875 0.00625 0.0125
0 0.39921875 0.2828125 0.009375 0.021875
0 0.33125 0.459375 0.0765625 0.01875
0 0.29921875 0.546875 0.0140625 0.0234375
0 0.23671875 0.55703125 0.009375 0.0171875
0 0.403125 0.521875 0.0125 0.0578125
0 0.421875 0.525 0.0140625 0.0390625
0 0.56015625 0.55234375 0.0203125 0.0265625
0 0.525 0.553125 0.0203125 0.025