0 0.12890625 0.42421875 0.021875 0.0140625
0 0.0890625 0.41953125 0.0203125 0.2203125
0 0.10703125 0.346875 0.009375 0.0515625
0 0.1375 0.55390625 0.0125 0.021875
0 0.21796875 0.54921875 0.0125 0.025
0 0.17890625 0.57734375 0.065625 0.021875
0 0.28359375 0.31640625 0.0421875 0.015625
0 0.40078125 0.24375 0.1234375 0.0234375
0 0.353125 0.28515625 0.015625 0.0203125
0 0.36484375 0.521875 0.0140625 0.01875
0 0.37421875 0.55703125 0.01875 0.0140625
0 0.41328125 0.58828125 0.040625 0.0296875
0 0.50859375 0.509375 0.059375 0.0578125
0 0.546875 0.42890625 0.0859375 0.03125
0 0.47890625 0.3734375 0.0109375 0.0140625