0 0.06484375 0.20234375 0.0140625 0.0328125
0 0.15 0.17109375 0.03125 0.01875
0 0.2515625 0.1703125 0.0234375 0.0140625
0 0.2953125 0.19296875 0.0171875 0.015625
0 0.2640625 0.259375 0.028125 0.015625
0 0.42578125 0.16875 0.021875 0.015625
0 0.58125 0.165625 0.0203125 0.015625
0 0.675 0.1640625 0.0140625 0.015625
0 0.39140625 0.296875 0.0296875 0.015625
0 0.2734375 0.3953125 0.009375 0.0171875
0 0.746875 0.15703125 0.028125 0.0296875
0 0.7796875 0.225 0.0109375 0.01875
0 0.15390625 0.29140625 0.0390625 0.05
0 0.16015625 0.28203125 0.01875 0.0328125