0 0.1484375 0.28203125 0.0171875 0.0125
0 0.4078125 0.2625 0.0375 0.028125
0 0.478125 0.2234375 0.0125 0.0125
0 0.47890625 0.2453125 0.0234375 0.0125
0 0.58125 0.2453125 0.04375 0.015625
0 0.5859375 0.2609375 0.0453125 0.025
0 0.60234375 0.340625 0.0234375 0.0234375
0 0.44921875 0.365625 0.0234375 0.0140625
0 0.5296875 0.35859375 0.0234375 0.0140625
0 0.24296875 0.40546875 0.028125 0.0125
0 0.40859375 0.39140625 0.0265625 0.0125
0 0.57421875 0.3765625 0.0265625 0.0125
0 0.73984375 0.3625 0.028125 0.0125
0 0.83984375 0.35390625 0.0109375 0.0109375
0 0.49453125 0.40625 0.0140625 0.0125
0 0.871875 0.2734375 0.009375 0.0140625
0 0.884375 0.27265625 0.0140625 0.028125
0 0.890625 0.33515625 0.021875 0.021875
0 0.896875 0.30859375 0.0328125 0.0234375
0 0.8671875 0.228125 0.0796875 0.0359375
0 0.1765625 0.50625 0.034375 0.0234375
0 0.12890625 0.58828125 0.0125 0.04375
0 0.81328125 0.48515625 0.009375 0.0109375
0 0.82578125 0.51875 0.0078125 0.009375
0 0.88203125 0.5203125 0.009375 0.0125
0 0.8953125 0.52890625 0.0109375 0.0265625
0 0.91171875 0.45078125 0.0109375 0.0296875