0 0.31796875 0.5671875 0.159375 0.0953125
0 0.334375 0.6921875 0.02421875 0.02578125
0 0.446875 0.690625 0.01015625 0.0203125
0 0.21875 0.69140625 0.01015625 0.01875
0 0.4875 0.5390625 0.01875 0.08203125
0 0.48984375 0.43828125 0.01953125 0.1203125
0 0.5109375 0.31953125 0.01875 0.3609375
0 0.33359375 0.47578125 0.1203125 0.0234375
0 0.33359375 0.32578125 0.1609375 0.02734375
0 0.24296875 0.1328125 0.05625 0.02734375
0 0.16484375 0.35078125 0.1171875 0.04765625
0 0.6078125 0.55625 0.0296875 0.02265625