0 0.37421875 0.1828125 0.0109375 0.0125
0 0.3671875 0.20546875 0.009375 0.0109375
0 0.35859375 0.221875 0.0265625 0.015625
0 0.43515625 0.284375 0.0125 0.03125
0 0.26171875 0.32578125 0.009375 0.0203125
0 0.275 0.3234375 0.0140625 0.09375
0 0.2890625 0.31953125 0.0109375 0.071875
0 0.30078125 0.31328125 0.0125 0.0359375
0 0.40625 0.37421875 0.009375 0.0109375
0 0.4671875 0.34765625 0.0109375 0.0390625
0 0.56328125 0.35 0.0109375 0.0359375
0 0.49140625 0.35625 0.0203125 0.0171875
0 0.3109375 0.3890625 0.021875 0.0140625
0 0.253125 0.39609375 0.0265625 0.0125
0 0.13125 0.403125 0.0328125 0.0140625
0 0.22109375 0.32734375 0.009375 0.0265625
0 0.1359375 0.325 0.0203125 0.0125
0 0.13125 0.2859375 0.0078125 0.0109375
0 0.14765625 0.35703125 0.009375 0.0125
0 0.23515625 0.3359375 0.0125 0.0171875
0 0.2328125 0.52265625 0.028125 0.0125
0 0.3234375 0.51484375 0.034375 0.0140625
0 0.271875 0.715625 0.0109375 0.0390625
0 0.37734375 0.70078125 0.0109375 0.0375
0 0.27734375 0.79375 0.0234375 0.0140625
0 0.38203125 0.7875 0.021875 0.0140625
0 0.22421875 0.78984375 0.0140625 0.009375
0 0.42421875 0.3546875 0.009375 0.0203125
0 0.35703125 0.34765625 0.015625 0.0171875
0 0.4578125 0.29296875 0.015625 0.01875
0 0.31953125 0.24765625 0.0125 0.01875
0 0.3765625 0.246875 0.0140625 0.0203125