0 0.184375 0.4328125 0.009375 0.015625
0 0.2109375 0.4328125 0.0140625 0.015625
0 0.3078125 0.4328125 0.0109375 0.015625
0 0.321875 0.4578125 0.0234375 0.015625
0 0.3421875 0.565625 0.01015625 0.01953125
0 0.321875 0.60703125 0.01328125 0.01484375
0 0.4765625 0.52265625 0.009375 0.0171875
0 0.496875 0.54765625 0.009375 0.01953125
0 0.4671875 0.67109375 0.03125 0.0140625
0 0.48828125 0.725 0.00859375 0.01640625
0 0.4890625 0.43359375 0.03203125 0.01328125
0 0.47890625 0.396875 0.009375 0.015625
0 0.47578125 0.31875 0.009375 0.01640625
0 0.5078125 0.21484375 0.03828125 0.015625
0 0.4234375 0.19765625 0.01640625 0.01171875
0 0.35078125 0.20390625 0.0171875 0.01328125
0 0.31875 0.19453125 0.01640625 0.0125
0 0.31953125 0.20703125 0.01484375 0.01328125
0 0.265625 0.19765625 0.04765625 0.03359375
0 0.1953125 0.1890625 0.01328125 0.0140625
0 0.128125 0.1953125 0.03984375 0.0265625
0 0.121875 0.3203125 0.01015625 0.01640625
0 0.1375 0.32421875 0.009375 0.04453125
0 0.24140625 0.2796875 0.0109375 0.03671875
0 0.26640625 0.38671875 0.04453125 0.0328125