0 0.253125 0.26953125 0.1203125 0.0328125
0 0.3265625 0.275 0.034375 0.0265625
0 0.328125 0.303125 0.0359375 0.025
0 0.209375 0.28984375 0.0375 0.0265625
0 0.12109375 0.37890625 0.0265625 0.1
0 0.13671875 0.37421875 0.0203125 0.0625
0 0.1515625 0.45078125 0.0234375 0.0484375
0 0.18046875 0.4515625 0.028125 0.0234375
0 0.18203125 0.475 0.0390625 0.021875
0 0.18671875 0.5 0.0375 0.0234375
0 0.28515625 0.4640625 0.0328125 0.025
0 0.31640625 0.46640625 0.040625 0.028125
0 0.33359375 0.4109375 0.0390625 0.0609375
0 0.3640625 0.40078125 0.025 0.059375
0 0.38359375 0.40703125 0.025 0.0640625
0 0.40546875 0.40859375 0.0234375 0.0765625
0 0.42109375 0.41171875 0.0234375 0.090625
0 0.45546875 0.409375 0.025 0.0890625
0 0.52109375 0.3109375 0.0671875 0.028125
0 0.496875 0.33203125 0.0859375 0.0390625
0 0.540625 0.4140625 0.0734375 0.1390625
0 0.53125 0.37578125 0.05625 0.05
0 0.32421875 0.59765625 0.0765625 0.0453125
0 0.4078125 0.6671875 0.0234375 0.0640625
0 0.20859375 0.5671875 0.05 0.028125
0 0.3359375 0.6765625 0.1015625 0.078125