0 0.37109375 0.225 0.009375 0.01171875
0 0.3640625 0.24609375 0.009375 0.009375
0 0.35546875 0.26015625 0.02421875 0.0140625
0 0.42421875 0.3234375 0.01015625 0.02890625
0 0.259375 0.35234375 0.0078125 0.01875
0 0.271875 0.3515625 0.00859375 0.08671875
0 0.28515625 0.3484375 0.00703125 0.06796875
0 0.296875 0.34375 0.01015625 0.03359375
0 0.39296875 0.40546875 0.00859375 0.01015625
0 0.45 0.38359375 0.0078125 0.03671875
0 0.540625 0.39140625 0.009375 0.03359375
0 0.4734375 0.39375 0.01796875 0.01484375
0 0.303125 0.41484375 0.0203125 0.0125
0 0.24765625 0.41953125 0.02421875 0.0109375
0 0.13359375 0.41875 0.03125 0.0109375
0 0.22109375 0.35234375 0.00859375 0.02421875
0 0.14140625 0.34609375 0.01796875 0.0109375
0 0.1390625 0.309375 0.00703125 0.009375
0 0.15078125 0.37734375 0.0078125 0.0109375
0 0.23359375 0.36171875 0.01015625 0.015625
0 0.22265625 0.5359375 0.02578125 0.0109375
0 0.3078125 0.5328125 0.03203125 0.0109375
0 0.25 0.71875 0.00859375 0.03671875
0 0.35 0.71015625 0.0078125 0.034375
0 0.25078125 0.7921875 0.02109375 0.0125
0 0.35 0.7921875 0.0203125 0.01171875
0 0.2015625 0.7859375 0.0125 0.00859375
0 0.41015625 0.38828125 0.0078125 0.01953125
0 0.346875 0.37890625 0.0140625 0.01640625
0 0.44453125 0.3328125 0.0140625 0.01640625
0 0.3171875 0.2828125 0.01015625 0.01796875
0 0.3703125 0.28515625 0.0125 0.01796875