0 0.19921875 0.59296875 0.0203125 0.0171875
0 0.225 0.6203125 0.0125 0.0125
0 0.16640625 0.40703125 0.0109375 0.0234375
0 0.18125 0.4015625 0.0171875 0.040625
0 0.1984375 0.41328125 0.009375 0.0234375
0 0.3015625 0.24453125 0.0109375 0.0109375
0 0.309375 0.42734375 0.0140625 0.025
0 0.27578125 0.4546875 0.0125 0.0125
0 0.32421875 0.43515625 0.009375 0.015625
0 0.33828125 0.4296875 0.01875 0.0421875
0 0.35703125 0.44140625 0.0109375 0.0234375
0 0.46953125 0.3421875 0.009375 0.0109375
0 0.53359375 0.30859375 0.0109375 0.0140625
0 0.62421875 0.33046875 0.0140625 0.0140625
0 0.671875 0.37890625 0.009375 0.009375
0 0.703125 0.36328125 0.03125 0.0234375
0 0.6640625 0.5796875 0.0484375 0.0375
0 0.55703125 0.64375 0.03125 0.025
0 0.28125 0.61015625 0.0421875 0.034375