0 0.24453125 0.41484375 0.0125 0.0171875
0 0.24453125 0.4578125 0.009375 0.015625
0 0.26875 0.50625 0.01875 0.0125
0 0.30390625 0.40234375 0.0078125 0.0109375
0 0.36328125 0.44140625 0.0171875 0.0171875
0 0.49296875 0.35078125 0.0125 0.0125
0 0.521875 0.434375 0.009375 0.0125
0 0.51484375 0.56015625 0.0140625 0.028125
0 0.45 0.66953125 0.0078125 0.0125
0 0.384375 0.67578125 0.0078125 0.0109375
0 0.25859375 0.56640625 0.0171875 0.0125
0 0.2609375 0.5484375 0.0171875 0.0125
0 0.28359375 0.22421875 0.0140625 0.0109375
0 0.453125 0.17265625 0.03125 0.0171875
0 0.515625 0.25078125 0.025 0.015625
0 0.4390625 0.26328125 0.0171875 0.0125
0 0.59375 0.209375 0.0125 0.028125