0 0.153125 0.403125 0.0203125 0.0125
0 0.1140625 0.39765625 0.0125 0.21171875
0 0.13359375 0.328125 0.00703125 0.04921875
0 0.15625 0.52890625 0.01171875 0.0203125
0 0.234375 0.5265625 0.0109375 0.02265625
0 0.19609375 0.553125 0.06328125 0.01875
0 0.30546875 0.3046875 0.040625 0.01484375
0 0.4203125 0.23828125 0.11953125 0.01875
0 0.3734375 0.2765625 0.0140625 0.01953125
0 0.3765625 0.50546875 0.0125 0.0171875
0 0.38515625 0.5390625 0.01796875 0.01328125
0 0.4203125 0.57109375 0.03828125 0.02734375
0 0.515625 0.49765625 0.0546875 0.0546875
0 0.5546875 0.421875 0.08203125 0.02734375
0 0.49140625 0.365625 0.009375 0.0140625