0 0.48515625 0.49140625 0.0078125 0.05390625
0 0.45859375 0.42734375 0.0078125 0.01875
0 0.41171875 0.38203125 0.0078125 0.0125
0 0.38359375 0.26328125 0.01015625 0.01484375
0 0.3765625 0.2921875 0.00859375 0.0125
0 0.33515625 0.26328125 0.00703125 0.0125
0 0.32734375 0.321875 0.00625 0.01171875
0 0.35859375 0.321875 0.00546875 0.01171875
0 0.37421875 0.321875 0.00546875 0.01171875
0 0.27109375 0.5078125 0.009375 0.02578125
0 0.28828125 0.503125 0.0171875 0.04375
0 0.25 0.50859375 0.009375 0.025
0 0.22890625 0.50859375 0.009375 0.0390625
0 0.20859375 0.50859375 0.009375 0.02421875
0 0.1875 0.50859375 0.009375 0.02421875
0 0.17578125 0.25625 0.10390625 0.02734375
0 0.52109375 0.65390625 0.0609375 0.04140625