0 0.41328125 0.15390625 0.0359375 0.021875
0 0.49140625 0.1875 0.0125 0.0203125
0 0.565625 0.2046875 0.0171875 0.0328125
0 0.53515625 0.2078125 0.0140625 0.0125
0 0.528125 0.25 0.0140625 0.0125
0 0.48046875 0.246875 0.028125 0.021875
0 0.39453125 0.2546875 0.0203125 0.0140625
0 0.22421875 0.203125 0.01875 0.0140625
0 0.28984375 0.359375 0.0109375 0.0171875
0 0.4109375 0.3390625 0.025 0.021875
0 0.31171875 0.425 0.0203125 0.01875
0 0.22890625 0.4015625 0.015625 0.015625
0 0.165625 0.41484375 0.0140625 0.01875
0 0.165625 0.45390625 0.0109375 0.0171875
0 0.1828125 0.46875 0.0359375 0.0265625
0 0.184375 0.50703125 0.0234375 0.0171875
0 0.2015625 0.54609375 0.0109375 0.015625
0 0.4859375 0.46484375 0.0203125 0.015625
0 0.48359375 0.48671875 0.0203125 0.0140625
0 0.309375 0.70625 0.0109375 0.0125