0 0.1359375 0.4359375 0.021875 0.0140625
0 0.09765625 0.43359375 0.03125 0.215625
0 0.11015625 0.36171875 0.0109375 0.05
0 0.15078125 0.5625 0.0140625 0.021875
0 0.2296875 0.553125 0.0125 0.025
0 0.19296875 0.58359375 0.065625 0.025
0 0.28203125 0.321875 0.0421875 0.01875
0 0.3921875 0.2453125 0.121875 0.0296875
0 0.3484375 0.28828125 0.015625 0.0203125
0 0.371875 0.51875 0.0140625 0.01875
0 0.3828125 0.55234375 0.01875 0.0140625
0 0.421875 0.58203125 0.040625 0.03125
0 0.51171875 0.49921875 0.0609375 0.0609375
0 0.54453125 0.41953125 0.0859375 0.0359375
0 0.47578125 0.36796875 0.0109375 0.015625