0 0.38984375 0.2078125 0.6484375 0.0671875
0 0.196875 0.23984375 0.196875 0.0328125
0 0.3890625 0.22578125 0.1984375 0.0328125
0 0.56953125 0.21328125 0.171875 0.0296875
0 0.68203125 0.2046875 0.0625 0.021875
0 0.240625 0.25625 0.1125 0.025
0 0.3328125 0.32734375 0.15 0.0421875
0 0.6078125 0.309375 0.0578125 0.0328125
0 0.675 0.2828125 0.01875 0.0640625
0 0.75390625 0.19921875 0.03125 0.0234375
0 0.7875 0.25546875 0.0171875 0.0328125
0 0.19375 0.36796875 0.1265625 0.028125
0 0.1953125 0.38515625 0.096875 0.025
0 0.2671875 0.40703125 0.015625 0.05625
0 0.203125 0.49609375 0.03125 0.0171875