0 0.15234375 0.4171875 0.0109375 0.0171875
0 0.18125 0.41640625 0.015625 0.0171875
0 0.284375 0.41328125 0.0125 0.0171875
0 0.30078125 0.4390625 0.025 0.0171875
0 0.32578125 0.55390625 0.0109375 0.021875
0 0.30625 0.59921875 0.0140625 0.015625
0 0.46875 0.50234375 0.0109375 0.01875
0 0.49140625 0.52890625 0.0109375 0.021875
0 0.4640625 0.6625 0.034375 0.015625
0 0.4890625 0.71953125 0.009375 0.01875
0 0.47890625 0.40625 0.034375 0.015625
0 0.4671875 0.3671875 0.0109375 0.0171875
0 0.46015625 0.28515625 0.0109375 0.01875
0 0.490625 0.171875 0.040625 0.01875
0 0.4 0.15625 0.01875 0.0140625
0 0.32265625 0.16640625 0.01875 0.0140625
0 0.28828125 0.15703125 0.0171875 0.0140625
0 0.2890625 0.1703125 0.0171875 0.0140625
0 0.23125 0.1625 0.053125 0.0375
0 0.1546875 0.15546875 0.0140625 0.015625
0 0.08359375 0.16484375 0.04375 0.0296875
0 0.08125 0.29921875 0.0109375 0.0171875
0 0.0984375 0.303125 0.0125 0.0484375
0 0.20859375 0.2515625 0.0125 0.0390625
0 0.23828125 0.36484375 0.0484375 0.0375