0 0.13984375 0.2484375 0.0171875 0.0125
0 0.4125 0.27109375 0.0390625 0.0296875
0 0.4921875 0.24140625 0.0125 0.0125
0 0.4890625 0.26484375 0.0234375 0.0140625
0 0.59609375 0.28125 0.0453125 0.015625
0 0.59765625 0.29921875 0.046875 0.0265625
0 0.6015625 0.384375 0.025 0.025
0 0.43828125 0.384375 0.025 0.0140625
0 0.52421875 0.390625 0.025 0.0140625
0 0.21796875 0.3921875 0.028125 0.0125
0 0.3921875 0.4046875 0.028125 0.0125
0 0.56640625 0.4171875 0.0265625 0.0125
0 0.740625 0.42890625 0.0296875 0.0125
0 0.846875 0.4375 0.0109375 0.0125
0 0.478125 0.43515625 0.015625 0.0125
0 0.8921875 0.359375 0.009375 0.015625
0 0.90546875 0.36015625 0.0140625 0.028125
0 0.90234375 0.42578125 0.021875 0.0234375
0 0.9125 0.39921875 0.034375 0.0234375
0 0.8953125 0.3109375 0.084375 0.0359375
0 0.13203125 0.4859375 0.0359375 0.0234375
0 0.06875 0.56328125 0.0109375 0.0453125
0 0.79765625 0.56953125 0.009375 0.0125
0 0.803125 0.60625 0.0078125 0.009375
0 0.8625 0.61796875 0.009375 0.0125
0 0.87578125 0.628125 0.0109375 0.028125
0 0.90546875 0.54921875 0.0109375 0.03125