0 0.11875 0.4671875 0.0109375 0.0171875
0 0.1484375 0.46640625 0.015625 0.0171875
0 0.2546875 0.4625 0.0125 0.0171875
0 0.27109375 0.4890625 0.0265625 0.01875
0 0.29765625 0.60625 0.0109375 0.021875
0 0.27734375 0.653125 0.015625 0.015625
0 0.44375 0.5546875 0.0109375 0.01875
0 0.4671875 0.58203125 0.0109375 0.021875
0 0.4390625 0.71796875 0.034375 0.0171875
0 0.4640625 0.7765625 0.009375 0.01875
0 0.453125 0.45625 0.0359375 0.015625
0 0.44140625 0.41640625 0.0109375 0.0171875
0 0.43515625 0.33125 0.0109375 0.01875
0 0.465625 0.215625 0.0421875 0.01875
0 0.37265625 0.19921875 0.01875 0.0140625
0 0.29375 0.21015625 0.01875 0.015625
0 0.2578125 0.2015625 0.01875 0.0140625
0 0.259375 0.2140625 0.0171875 0.0140625
0 0.2 0.20625 0.053125 0.0390625
0 0.121875 0.2 0.0140625 0.015625
0 0.04921875 0.20859375 0.0453125 0.0296875
0 0.04609375 0.34609375 0.0109375 0.01875
0 0.0640625 0.34921875 0.0125 0.05
0 0.1765625 0.296875 0.0125 0.040625
0 0.2078125 0.41328125 0.05 0.0375