0 0.15390625 0.37578125 0.1328125 0.0421875
0 0.2328125 0.359375 0.0390625 0.0296875
0 0.24296875 0.3890625 0.040625 0.0296875
0 0.11328125 0.40859375 0.0421875 0.03125
0 0.0453125 0.52890625 0.034375 0.1078125
0 0.0609375 0.51796875 0.025 0.06875
0 0.0984375 0.5953125 0.028125 0.053125
0 0.12890625 0.58828125 0.0328125 0.028125
0 0.13671875 0.6125 0.0421875 0.0265625
0 0.1484375 0.6375 0.0421875 0.028125
0 0.24296875 0.57109375 0.0375 0.028125
0 0.27578125 0.56484375 0.046875 0.0328125
0 0.27890625 0.5015625 0.0453125 0.06875
0 0.3078125 0.48203125 0.0296875 0.065625
0 0.3296875 0.48359375 0.0296875 0.0703125
0 0.353125 0.47890625 0.0296875 0.084375
0 0.37109375 0.47734375 0.03125 0.1
0 0.40703125 0.465625 0.0328125 0.096875
0 0.44921875 0.34296875 0.0734375 0.034375
0 0.428125 0.371875 0.09375 0.046875
0 0.49765625 0.44609375 0.0875 0.153125
0 0.47734375 0.40859375 0.0625 0.0578125
0 0.32109375 0.70078125 0.0859375 0.053125
0 0.4296875 0.75 0.028125 0.0703125
0 0.19140625 0.70234375 0.05625 0.0328125
0 0.35625 0.78125 0.1140625 0.090625