0 0.38984375 0.2109375 0.659375 0.046875
0 0.19296875 0.2375 0.1984375 0.0265625
0 0.3890625 0.2296875 0.2015625 0.025
0 0.57265625 0.2234375 0.1734375 0.0234375
0 0.6875 0.21796875 0.0625 0.0203125
0 0.2375 0.25625 0.1140625 0.021875
0 0.328125 0.33125 0.153125 0.0375
0 0.60859375 0.321875 0.0578125 0.03125
0 0.67734375 0.29765625 0.0171875 0.065625
0 0.7609375 0.215625 0.03125 0.0234375
0 0.7921875 0.27421875 0.0171875 0.0328125
0 0.1859375 0.3671875 0.128125 0.025
0 0.18671875 0.384375 0.0984375 0.021875
0 0.25859375 0.409375 0.0140625 0.05625
0 0.190625 0.49765625 0.03125 0.0171875