0 0.19375 0.64296875 0.01875 0.015625
0 0.2234375 0.6671875 0.0109375 0.0109375
0 0.13515625 0.4625 0.0078125 0.0234375
0 0.14921875 0.4546875 0.0125 0.040625
0 0.16875 0.4640625 0.0078125 0.0234375
0 0.24765625 0.28203125 0.009375 0.0109375
0 0.28125 0.4625 0.0109375 0.0234375
0 0.25078125 0.4953125 0.0109375 0.0109375
0 0.29609375 0.46796875 0.00625 0.015625
0 0.31015625 0.4609375 0.0125 0.0421875
0 0.33046875 0.46953125 0.0078125 0.0234375
0 0.428125 0.35546875 0.0078125 0.0109375
0 0.4875 0.3125 0.009375 0.0140625
0 0.58046875 0.321875 0.0125 0.0125
0 0.63515625 0.3640625 0.0078125 0.0078125
0 0.66328125 0.34296875 0.0296875 0.021875
0 0.65546875 0.56484375 0.046875 0.0328125
0 0.5578125 0.64453125 0.028125 0.021875
0 0.278125 0.6484375 0.0390625 0.0296875