0 0.34296875 0.20703125 0.0109375 0.0125
0 0.3375 0.2296875 0.009375 0.0109375
0 0.3296875 0.24453125 0.0265625 0.015625
0 0.40546875 0.30546875 0.0125 0.03125
0 0.23671875 0.3484375 0.009375 0.0203125
0 0.24921875 0.34609375 0.015625 0.090625
0 0.2625 0.3421875 0.0125 0.0703125
0 0.275 0.3359375 0.0125 0.0359375
0 0.37890625 0.39296875 0.009375 0.0109375
0 0.4375 0.36640625 0.0109375 0.0390625
0 0.53203125 0.36796875 0.0125 0.0359375
0 0.4625 0.375 0.0203125 0.0171875
0 0.2859375 0.41015625 0.021875 0.0140625
0 0.22890625 0.41796875 0.025 0.0140625
0 0.11015625 0.4265625 0.0328125 0.0140625
0 0.196875 0.3515625 0.0109375 0.025
0 0.1125 0.35 0.01875 0.0125
0 0.1078125 0.31171875 0.0078125 0.0109375
0 0.125 0.38125 0.009375 0.0125
0 0.2109375 0.359375 0.0109375 0.015625
0 0.21171875 0.54140625 0.0265625 0.0140625
0 0.29921875 0.53203125 0.034375 0.0140625
0 0.25390625 0.7296875 0.0109375 0.0390625
0 0.35625 0.7140625 0.0109375 0.0359375
0 0.26015625 0.80625 0.0234375 0.0140625
0 0.3625 0.7984375 0.021875 0.0140625
0 0.2078125 0.803125 0.0140625 0.0109375
0 0.3953125 0.37421875 0.009375 0.0203125
0 0.3296875 0.36953125 0.015625 0.01875
0 0.42734375 0.3140625 0.015625 0.01875
0 0.2921875 0.27109375 0.0125 0.01875
0 0.346875 0.26953125 0.0140625 0.0203125