0 0.18828125 0.434375 0.0609375 0.0375
0 0.2609375 0.3984375 0.0546875 0.015625
0 0.1734375 0.23359375 0.0328125 0.021875
0 0.2421875 0.23203125 0.125 0.028125
0 0.13828125 0.340625 0.0234375 0.0765625
0 0.12578125 0.34140625 0.01875 0.10625
0 0.11171875 0.34140625 0.015625 0.10625
0 0.37890625 0.58046875 0.028125 0.0515625
0 0.1390625 0.2796875 0.1078125 0.0890625
0 0.21015625 0.3765625 0.071875 0.053125
0 0.39140625 0.3328125 0.0328125 0.11875
0 0.3828125 0.39453125 0.065625 0.0359375
0 0.30703125 0.40546875 0.0125 0.0171875
0 0.334375 0.54921875 0.0203125 0.0234375
0 0.4609375 0.33984375 0.0390625 0.04375
0 0.31640625 0.35390625 0.0140625 0.0140625
0 0.365625 0.31328125 0.0328125 0.0703125
0 0.3375 0.2921875 0.0625 0.0765625
0 0.27734375 0.2828125 0.034375 0.0453125
0 0.30078125 0.2984375 0.084375 0.05625
0 0.221875 0.26953125 0.0375 0.025
0 0.23671875 0.55625 0.0171875 0.028125
0 0.2375 0.61875 0.0171875 0.028125
0 0.184375 0.62109375 0.021875 0.025