0 0.0953125 0.26015625 0.0125 0.03046875
0 0.1734375 0.23203125 0.02890625 0.0171875
0 0.26640625 0.23359375 0.02109375 0.0125
0 0.30625 0.2546875 0.01484375 0.0140625
0 0.27578125 0.315625 0.02578125 0.0140625
0 0.42578125 0.234375 0.01953125 0.01328125
0 0.56796875 0.234375 0.01796875 0.01328125
0 0.65390625 0.234375 0.0125 0.01328125
0 0.3921875 0.3515625 0.02734375 0.01484375
0 0.2828125 0.43984375 0.00859375 0.01484375
0 0.7203125 0.2296875 0.025 0.02734375
0 0.74921875 0.29140625 0.009375 0.0171875
0 0.175 0.3421875 0.03515625 0.0453125
0 0.18125 0.334375 0.0171875 0.02890625