0 0.1828125 0.45234375 0.0578125 0.0359375
0 0.2515625 0.41640625 0.0515625 0.015625
0 0.16640625 0.2625 0.03125 0.021875
0 0.23046875 0.2609375 0.1203125 0.028125
0 0.13359375 0.36484375 0.0234375 0.0734375
0 0.12265625 0.36484375 0.0203125 0.1015625
0 0.10859375 0.365625 0.015625 0.1015625
0 0.36640625 0.58828125 0.0265625 0.0484375
0 0.13359375 0.30625 0.1046875 0.0859375
0 0.203125 0.39765625 0.06875 0.0515625
0 0.375 0.353125 0.0328125 0.1125
0 0.3671875 0.4125 0.0625 0.0359375
0 0.2953125 0.4234375 0.0125 0.015625
0 0.32421875 0.559375 0.0203125 0.0234375
0 0.43984375 0.35859375 0.0375 0.0421875
0 0.30390625 0.37421875 0.0125 0.0140625
0 0.34921875 0.33515625 0.0328125 0.0671875
0 0.321875 0.31640625 0.0609375 0.0734375
0 0.265625 0.30703125 0.0328125 0.04375
0 0.2875 0.321875 0.0796875 0.0546875
0 0.2125 0.29609375 0.0359375 0.025
0 0.23125 0.56640625 0.015625 0.0265625
0 0.2328125 0.6265625 0.0171875 0.0265625
0 0.18203125 0.6296875 0.0203125 0.025