0 0.4796875 0.1046875 0.0359375 0.021875
0 0.55703125 0.1390625 0.0125 0.0203125
0 0.63125 0.15546875 0.0171875 0.0328125
0 0.60078125 0.15859375 0.0140625 0.0125
0 0.59453125 0.20078125 0.0140625 0.0125
0 0.546875 0.19765625 0.028125 0.021875
0 0.46015625 0.20546875 0.0203125 0.0140625
0 0.28984375 0.15390625 0.01875 0.0140625
0 0.35625 0.309375 0.0109375 0.0171875
0 0.4765625 0.28984375 0.025 0.021875
0 0.37734375 0.375 0.0203125 0.01875
0 0.29453125 0.35234375 0.015625 0.015625
0 0.23203125 0.365625 0.0140625 0.01875
0 0.23125 0.40390625 0.0109375 0.0171875
0 0.2484375 0.41953125 0.0359375 0.0265625
0 0.25078125 0.4578125 0.0234375 0.0171875
0 0.2671875 0.49609375 0.0109375 0.015625
0 0.55234375 0.415625 0.0203125 0.015625
0 0.54921875 0.4375 0.0203125 0.0140625
0 0.375 0.65625 0.0109375 0.0125