0 0.22265625 0.6375 0.01875 0.0140625
0 0.25234375 0.659375 0.01015625 0.009375
0 0.16015625 0.4640625 0.00703125 0.021875
0 0.17265625 0.45703125 0.0109375 0.0390625
0 0.1921875 0.46484375 0.00546875 0.021875
0 0.2625 0.2859375 0.00859375 0.01015625
0 0.3015625 0.459375 0.009375 0.02265625
0 0.2734375 0.49140625 0.01015625 0.009375
0 0.31640625 0.4640625 0.00625 0.0140625
0 0.32890625 0.45703125 0.0109375 0.040625
0 0.34921875 0.46484375 0.00703125 0.021875
0 0.440625 0.35078125 0.00703125 0.01015625
0 0.49609375 0.30703125 0.009375 0.0125
0 0.58671875 0.31328125 0.01171875 0.01171875
0 0.640625 0.3515625 0.00703125 0.00703125
0 0.66796875 0.33125 0.02734375 0.01953125
0 0.6671875 0.54609375 0.04375 0.0296875
0 0.575 0.62578125 0.02734375 0.0203125
0 0.3046875 0.63984375 0.0359375 0.028125