0 0.23671875 0.459375 0.0109375 0.0171875
0 0.246875 0.5015625 0.009375 0.015625
0 0.28125 0.54609375 0.0203125 0.0125
0 0.29453125 0.43359375 0.009375 0.0125
0 0.36328125 0.46015625 0.015625 0.0171875
0 0.47578125 0.3390625 0.0125 0.0140625
0 0.52265625 0.41875 0.009375 0.0125
0 0.54296875 0.54765625 0.0140625 0.028125
0 0.50078125 0.6734375 0.0078125 0.0125
0 0.434375 0.69296875 0.0078125 0.0109375
0 0.284375 0.61015625 0.01875 0.0125
0 0.2828125 0.590625 0.0171875 0.0109375
0 0.23515625 0.25625 0.015625 0.0109375
0 0.3953125 0.1671875 0.0328125 0.015625
0 0.4765625 0.2328125 0.025 0.015625
0 0.40234375 0.26328125 0.0171875 0.0125
0 0.54765625 0.17421875 0.0125 0.028125