0 0.23046875 0.296875 0.11875 0.0203125
0 0.30390625 0.29375 0.0328125 0.02265625
0 0.30859375 0.32109375 0.034375 0.02109375
0 0.1890625 0.32109375 0.03515625 0.02265625
0 0.1109375 0.41875 0.01640625 0.09765625
0 0.12734375 0.41171875 0.01328125 0.0609375
0 0.14921875 0.4859375 0.01875 0.0453125
0 0.178125 0.48359375 0.0265625 0.02109375
0 0.18203125 0.50703125 0.0359375 0.01875
0 0.1890625 0.53125 0.0359375 0.0203125
0 0.28359375 0.48515625 0.03046875 0.02109375
0 0.3140625 0.484375 0.0390625 0.02421875
0 0.325 0.428125 0.0328125 0.0578125
0 0.3546875 0.41484375 0.01875 0.05703125
0 0.37421875 0.41875 0.01796875 0.0625
0 0.3953125 0.41796875 0.015625 0.07421875
0 0.41171875 0.41953125 0.01484375 0.08984375
0 0.4453125 0.41328125 0.01640625 0.08671875
0 0.50078125 0.30859375 0.06484375 0.02109375
0 0.47890625 0.3328125 0.08203125 0.03046875
0 0.53046875 0.40859375 0.05859375 0.1328125
0 0.5171875 0.37265625 0.0515625 0.04453125
0 0.33515625 0.61328125 0.07265625 0.0375
0 0.425 0.6734375 0.01640625 0.0625
0 0.21796875 0.59609375 0.04765625 0.021875
0 0.3546875 0.690625 0.09375 0.06796875