0 0.325 0.24375 0.0328125 0.01484375
0 0.2484375 0.246875 0.0140625 0.0390625
0 0.32109375 0.32109375 0.0140625 0.01640625
0 0.31640625 0.33984375 0.00859375 0.01328125
0 0.3609375 0.3203125 0.00625 0.01171875
0 0.396875 0.284375 0.009375 0.02109375
0 0.3359375 0.46171875 0.07578125 0.015625
0 0.3078125 0.54921875 0.0125 0.0234375
0 0.24609375 0.56171875 0.00859375 0.0171875
0 0.409375 0.5203125 0.0109375 0.05703125
0 0.428125 0.5234375 0.01328125 0.0375
0 0.565625 0.5453125 0.01953125 0.0265625
0 0.53046875 0.54765625 0.01953125 0.025