0 0.22890625 0.13515625 0.015625 0.01484375
0 0.2296875 0.15546875 0.0140625 0.015625
0 0.1421875 0.34375 0.00859375 0.01953125
0 0.11484375 0.34453125 0.01171875 0.021875
0 0.38125 0.203125 0.10546875 0.02890625
0 0.36953125 0.4765625 0.06796875 0.0296875
0 0.52578125 0.15625 0.02109375 0.015625
0 0.546875 0.34296875 0.01875 0.06953125
0 0.5765625 0.334375 0.0109375 0.0359375
0 0.1296875 0.73046875 0.00859375 0.03125
0 0.23046875 0.77890625 0.0515625 0.028125
0 0.23046875 0.809375 0.01328125 0.01484375